
 0.0024
 0.0700
 0.0713
 0.0714
 0.0715
 0.0715
 0.0715
 0.0715
 0.0714
 0.0713
 0.0712
 0.0712
 0.0712
 0.0713
 0.0713
 0.0714
 0.0715
 0.0715
 0.0715
 0.0715
 0.0715
 0.0715
 0.0715
 0.0715
 0.0715
 0.0715
 0.0715
 0.0715
 0.0716
 0.0716
 0.0716
 0.0716
 0.0717
 0.0717
 0.0718
 0.0719
 0.0720
 0.0721
 0.0721
 0.0722
 0.0722
 0.0723
 0.0723
 0.0723
 0.0723
 0.0723
 0.0724
 0.0724
 0.0724
 0.0724
 0.0725
 0.0725
 0.0725
 0.0725
 0.0726
 0.0726
 0.0726
 0.0726
 0.0726
 0.0725
 0.0725
 0.0724
 0.0724
 0.0724
 0.0724
 0.0724
 0.0724
 0.0724
 0.0724
 0.0724
 0.0724
 0.0469
 0.0454
 0.0451
 0.0446
 0.0443
 0.0204
 -0.0019
 -0.0020
 -0.0018
 -0.0018
 -0.0018
 -0.0017
 -0.0017
 -0.0018
 -0.0019
