0.0658
 0.0660
 0.0660
 0.0660
 0.0661
 0.0661
 0.0661
 0.0661
 0.0660
 0.0660
 0.0660
 0.0661
 0.0662
 0.0664
 0.0665
 0.0665
 0.0666
 0.0666
 0.0666
 0.0667
 0.0667
 0.0667
 0.0668
 0.0668
 0.0669
 0.0669
 0.0669
 0.0670
 0.0670
 0.0671
 0.0671
 0.0672
 0.0672
 0.0673
 0.0673
 0.0673
 0.0674
 0.0675
 0.0675
 0.0677
 0.0678
 0.0679
 0.0682
 0.0682
 0.0683
 0.0684
 0.0684
 0.0685
 0.0686
 0.0686
 0.0687
 0.0688
 0.0688
 0.0688
 0.0689
 0.0689
 0.0689
 0.0690
 0.0690
 0.0691
 0.0691
 0.0691
 0.0691
 0.0691
 0.0691
 0.0690
 0.0690
 0.0690
 0.0690
 0.0690
 0.0690
 0.0690
 0.0690
 0.0690
 0.0690
 0.0689
 0.0689
 0.0689
 0.0690
 0.0691
 0.0692
 0.0692
 0.0692
 0.0692
 0.0692
 0.0692
 0.0693
 0.0693
 0.0694
 0.0695
 0.0695
 0.0695
 0.0696
 0.0696
 0.0696
 0.0696
 0.0696
 0.0695
 0.0695
 0.0695
 0.0695
 0.0695
 0.0695
 0.0695
 0.0419
 0.0411
 0.0406
 0.0405
 0.0403
 0.0401
 0.0398
 0.0394
 0.0381
 0.0370
 0.0363
 0.0356
 0.0351
 0.0346
 0.0340
 0.0335
 0.0331
 0.0319
 0.0309
 0.0304
 0.0298
 0.0294
 0.0290
 0.0286
 0.0236
 0.0050
 -0.0035
 -0.0037
 -0.0038
 -0.0037
 -0.0037
 -0.0037
 -0.0037
 -0.0037
 -0.0037
 -0.0037
 -0.0037
 -0.0037
 -0.0037
 -0.0037
 -0.0037
 -0.0037
