0.1270
 0.1272
 0.1272
 0.1270
 0.1269
 0.1269
 0.1270
 0.1270
 0.1271
 0.1272
 0.1273
 0.1275
 0.1276
 0.1276
 0.1277
 0.1277
 0.1278
 0.1278
 0.1278
 0.1278
 0.1278
 0.1278
 0.1278
 0.1279
 0.1280
 0.1281
 0.1282
 0.1282
 0.1284
 0.1284
 0.1285
 0.1285
 0.1285
 0.1284
 0.1284
 0.1284
 0.1284
 0.1285
 0.1285
 0.1285
 0.1285
 0.1285
 0.1285
 0.1286
 0.1286
 0.1286
 0.1286
 0.1286
 0.1286
 0.1286
 0.1286
 0.1286
 0.1287
 0.1287
 0.1288
 0.1288
 0.1289
 0.1290
 0.1291
 0.1292
 0.1292
 0.1293
 0.1293
 0.1293
 0.1293
 0.1293
 0.1293
 0.1293
 0.1293
 0.1293
 0.1293
 0.1293
 0.1293
 0.1293
 0.1293
 0.1293
 0.1293
 0.1293
 0.1291
 0.0758
 0.0749
 0.0740
 0.0726
 0.0720
 0.0678
 0.0668
 0.0653
 0.0644
 0.0633
 0.0614
 0.0598
 0.0579
 0.0576
 0.0572
 0.0564
 0.0556
 0.0547
 0.0525
 0.0516
 0.0498
 0.0495
 0.0493
 0.0490
 0.0485
 0.0478
 0.0473
 0.0447
 0.0441
 0.0416
 0.0412
 0.0403
 0.0398
 0.0390
 0.0364
 0.0344
 0.0336
 0.0324
 0.0317
 0.0285
 0.0260
 0.0023
 0.0000
 0.0000
 0.0000
 -0.0001
 -0.0002
 -0.0002
 0.0000
 0.0000
 -0.0003
 -0.0004
 -0.0004
 -0.0003
 -0.0002
 -0.0001
 -0.0001
 -0.0002
 -0.0002
 -0.0004
 -0.0005
 -0.0006
 -0.0007
