 0.1296
 0.1293
 0.1293
 0.1294
 0.1296
 0.1297
 0.1298
 0.1299
 0.1299
 0.1298
 0.1298
 0.1299
 0.1300
 0.1301
 0.1302
 0.1302
 0.1302
 0.1302
 0.1301
 0.1300
 0.1299
 0.1298
 0.1298
 0.1298
 0.1298
 0.1299
 0.1299
 0.1300
 0.1301
 0.1301
 0.1301
 0.1301
 0.1301
 0.1302
 0.1302
 0.1302
 0.1301
 0.1300
 0.1300
 0.1300
 0.1300
 0.1301
 0.1301
 0.1302
 0.1302
 0.1302
 0.1302
 0.1303
 0.1303
 0.1303
 0.1303
 0.1303
 0.1303
 0.1303
 0.1304
 0.1305
 0.1305
 0.1305
 0.1306
 0.1306
 0.1306
 0.1305
 0.1305
 0.1306
 0.1306
 0.1306
 0.1306
 0.1305
 0.1305
 0.1304
 0.0813
 0.0789
 0.0785
 0.0784
 0.0781
 0.0775
 0.0770
 0.0727
 0.0721
 0.0705
 0.0695
 0.0669
 0.0663
 0.0655
 0.0632
 0.0621
 0.0608
 0.0598
 0.0594
 0.0588
 0.0582
 0.0554
 0.0550
 0.0532
 0.0523
 0.0510
 0.0503
 0.0008
 0.0002
 0.0004
 0.0000
 -0.0002
 -0.0005
 -0.0005
 -0.0005
 -0.0005
 -0.0004