 0.1207
 0.1207
 0.1209
 0.1209
 0.1206
 0.1206
 0.1207
 0.1209
 0.1210
 0.1209
 0.1209
 0.1209
 0.1210
 0.1211
 0.1212
 0.1213
 0.1213
 0.1213
 0.1214
 0.1214
 0.1215
 0.1216
 0.1216
 0.1216
 0.1217
 0.1217
 0.1218
 0.1218
 0.1218
 0.1219
 0.1219
 0.1219
 0.1218
 0.1217
 0.1216
 0.1215
 0.1214
 0.1214
 0.1214
 0.1215
 0.1216
 0.1216
 0.1217
 0.1217
 0.1217
 0.1216
 0.1215
 0.1215
 0.1215
 0.1216
 0.1217
 0.1218
 0.1219
 0.1219
 0.1220
 0.1220
 0.1221
 0.1222
 0.1222
 0.1222
 0.1223
 0.1223
 0.1223
 0.1223
 0.1223
 0.1223
 0.1223
 0.1223
 0.1224
 0.1224
 0.1223
 0.1223
 0.1221
 0.0721
 0.0714
 0.0713
 0.0698
 0.0684
 0.0647
 0.0647
 0.0634
 0.0622
 0.0592
 0.0544
 0.0008
 0.0001
 0.0000
 0.0003
 0.0004
 0.0000
 0.0000
 0.0000
 0.0000
 0.0000
 0.0000
 0.0001
 0.0001
