0.1109
 0.1109
 0.1110
 0.1111
 0.1112
 0.1111
 0.1110
 0.1109
 0.1109
 0.1111
 0.1112
 0.1113
 0.1113
 0.1114
 0.1115
 0.1115
 0.1116
 0.1116
 0.1117
 0.1118
 0.1119
 0.1120
 0.1120
 0.1120
 0.1120
 0.1120
 0.1121
 0.1121
 0.1121
 0.1121
 0.1122
 0.1122
 0.1123
 0.1124
 0.1124
 0.1124
 0.1124
 0.1125
 0.1126
 0.1127
 0.1127
 0.1127
 0.1128
 0.1128
 0.1128
 0.1128
 0.1128
 0.1127
 0.1127
 0.1127
 0.1128
 0.1129
 0.1129
 0.1130
 0.1130
 0.1131
 0.1131
 0.1131
 0.1131
 0.1131
 0.1130
 0.0674
 0.0667
 0.0652
 0.0644
 0.0622
 0.0608
 0.0588
 0.0584
 0.0572
 0.0564
 0.0010
 0.0003
 0.0003
 0.0004
 0.0005
 0.0005
 0.0004
 0.0003
 0.0001
 0.0000
 0.0000
 0.0001
 0.0001
 0.0002
 0.0002
 0.0002
 0.0001
 0.0000
 0.0000
 0.0000
 0.0000
 0.0000
 0.0000
 0.0000
 0.0000
 0.0000
 0.0000
 0.0000
 0.0000
