 0.1338
 0.1332
 0.1332
 0.1332
 0.1332
 0.1333
 0.1334
 0.1335
 0.1336
 0.1336
 0.1335
 0.1334
 0.1334
 0.1333
 0.1333
 0.1333
 0.1333
 0.1332
 0.1331
 0.1331
 0.1331
 0.1331
 0.1330
 0.1330
 0.1329
 0.1328
 0.1328
 0.1328
 0.1328
 0.1327
 0.1326
 0.1325
 0.1313
 0.1308
 0.1310
 0.1315
 0.1316
 0.1317
 0.1319
 0.1320
 0.1322
 0.1324
 0.1326
 0.1327
 0.1328
 0.1329
 0.1330
 0.1331
 0.1332
 0.1332
 0.1332
 0.1332
 0.1331
 0.1331
 0.1332
 0.1332
 0.1333
 0.1333
 0.1333
 0.1333
 0.1333
 0.1333
 0.1332
 0.1331
 0.1330
 0.1330
 0.1330
 0.1330
 0.1330
 0.1331
 0.1332
 0.1332
 0.1332
 0.1332
 0.1331
 0.1331
 0.1331
 0.1331
 0.1332
 0.1333
 0.1333
 0.1334
 0.1335
 0.1335
 0.1335
 0.1335
 0.1335
 0.1335
 0.1335
 0.1335
 0.1335
 0.1335
 0.1335
 0.1335
 0.1335
 0.1335
 0.1335
 0.1335
 0.1334
 0.1333
 0.1333
 0.1333
 0.1333
 0.1333
 0.1334
 0.1335
 0.1336
 0.1336
 0.1336
 0.1336
 0.1336
 0.1336
 0.1336
 0.1336
 0.1336
 0.1336
 0.1337
 0.1337
 0.1338
 0.1339
 0.1340
 0.1341
 0.1341
 0.1340
 0.1339
 0.1327
 0.1205
 0.0791
 0.0786
 0.0769
 0.0739
 0.0708
 0.0700
 0.0684
 0.0671
 0.0649
 0.0632
 0.0608
 0.0604
 0.0597
 0.0587
 0.0552
 0.0530
 0.0518
 0.0512
 0.0506
 0.0501
 0.0493
 0.0477
 0.0466
 0.0439
 0.0435
 0.0428
 0.0418
 0.0408
 0.0364
 0.0356
 0.0347
 0.0339
 0.0328
 0.0287
 0.0271
 0.0057
 0.0000
 0.0000
 -0.0002
 -0.0003
 -0.0002
 -0.0001
 -0.0002
 -0.0003