0.1259
 0.1261
 0.1261
 0.1262
 0.1262
 0.1177
 0.1256
 0.1259
 0.1261
 0.1265
 0.1264
 0.1263
 0.1264
 0.1267
 0.1269
 0.1269
 0.1270
 0.1270
 0.1270
 0.1270
 0.1271
 0.1271
 0.1270
 0.1269
 0.1269
 0.1268
 0.1267
 0.1266
 0.1266
 0.1266
 0.1266
 0.1267
 0.1267
 0.1267
 0.1268
 0.1269
 0.1269
 0.1270
 0.1270
 0.1271
 0.1272
 0.1272
 0.1272
 0.1272
 0.1273
 0.1273
 0.1273
 0.1274
 0.1274
 0.1275
 0.1275
 0.1276
 0.1276
 0.1277
 0.1277
 0.1278
 0.1278
 0.1278
 0.1278
 0.1278
 0.1278
 0.1277
 0.1277
 0.1277
 0.1276
 0.1276
 0.1275
 0.0771
 0.0765
 0.0763
 0.0759
 0.0754
 0.0747
 0.0709
 0.0704
 0.0687
 0.0677
 0.0660
 0.0648
 0.0640
 0.0635
 0.0609
 0.0601
 0.0596
 0.0588
 0.0579
 0.0575
 0.0570
 0.0533
 0.0522
 0.0512
 0.0502
 0.0496
 0.0491
 0.0487
 0.0470
 0.0467
 0.0456
 0.0452
 0.0442
 0.0416
 0.0410
 0.0408
 0.0398
 0.0087
 0.0000
 0.0000
 0.0000
 0.0002
 0.0003
