0.0991
 0.0990
 0.0990
 0.0990
 0.0992
 0.0995
 0.0996
 0.0997
 0.0997
 0.0997
 0.0997
 0.0996
 0.0995
 0.0995
 0.0995
 0.0995
 0.0995
 0.0995
 0.0995
 0.0995
 0.0995
 0.0996
 0.0997
 0.0997
 0.0997
 0.0997
 0.0997
 0.0997
 0.0998
 0.0998
 0.0998
 0.0999
 0.1000
 0.1000
 0.1001
 0.1002
 0.1002
 0.1002
 0.1002
 0.1003
 0.1004
 0.1004
 0.1004
 0.1004
 0.1005
 0.1005
 0.1006
 0.1007
 0.1007
 0.1007
 0.1007
 0.1008
 0.1008
 0.1009
 0.1009
 0.1011
 0.1012
 0.1012
 0.1013
 0.1013
 0.1014
 0.1014
 0.1014
 0.1014
 0.1014
 0.1014
 0.1013
 0.1012
 0.0627
 0.0622
 0.0623
 0.0618
 0.0613
 0.0605
 0.0599
 0.0572
 0.0556
 0.0536
 0.0532
 0.0527
 0.0519
 0.0510
 0.0503
 0.0291
 0.0003
 0.0000
 0.0002
 0.0001
 0.0000
 0.0000
 0.0000
 0.0000
 0.0000
 0.0001
 0.0000
 0.0000
 0.0000
