 0.0847
 0.0848
 0.0848
 0.0705
 0.0841
 0.0845
 0.0845
 0.0846
 0.0849
 0.0850
 0.0851
 0.0851
 0.0851
 0.0850
 0.0849
 0.0851
 0.0852
 0.0853
 0.0854
 0.0855
 0.0855
 0.0855
 0.0854
 0.0853
 0.0853
 0.0852
 0.0852
 0.0852
 0.0853
 0.0853
 0.0854
 0.0854
 0.0855
 0.0855
 0.0856
 0.0856
 0.0856
 0.0855
 0.0855
 0.0855
 0.0856
 0.0857
 0.0857
 0.0857
 0.0858
 0.0857
 0.0856
 0.0856
 0.0856
 0.0856
 0.0856
 0.0856
 0.0856
 0.0855
 0.0855
 0.0855
 0.0855
 0.0855
 0.0855
 0.0516
 0.0510
 0.0502
 0.0503
 0.0500
 0.0497
 0.0493
 0.0490
 0.0277
 -0.0016
 -0.0019
 -0.0015
 -0.0012
 -0.0016
 -0.0019
 -0.0020
 -0.0019
 -0.0017
 -0.0016
 -0.0016
 -0.0016
