0.0707
 0.0707
 0.0300
 0.0707
 0.0713
 0.0713
 0.0713
 0.0713
 0.0714
 0.0714
 0.0714
 0.0714
 0.0714
 0.0714
 0.0713
 0.0713
 0.0713
 0.0713
 0.0713
 0.0713
 0.0714
 0.0714
 0.0714
 0.0714
 0.0715
 0.0715
 0.0715
 0.0715
 0.0716
 0.0717
 0.0718
 0.0718
 0.0718
 0.0719
 0.0719
 0.0719
 0.0719
 0.0718
 0.0718
 0.0718
 0.0717
 0.0717
 0.0716
 0.0716
 0.0716
 0.0716
 0.0717
 0.0717
 0.0718
 0.0718
 0.0719
 0.0719
 0.0719
 0.0719
 0.0719
 0.0719
 0.0719
 0.0718
 0.0718
 0.0718
 0.0718
 0.0718
 0.0719
 0.0719
 0.0719
 0.0720
 0.0720
 0.0721
 0.0721
 0.0721
 0.0721
 0.0721
 0.0721
 0.0722
 0.0722
 0.0722
 0.0458
 0.0436
 0.0433
 0.0428
 0.0427
 0.0426
 0.0425
 0.0423
 0.0419
 0.0416
 0.0337
 0.0218
 -0.0015
 -0.0017
 -0.0016
 -0.0016
 -0.0015
 -0.0015
 -0.0015
 -0.0016
 -0.0016
 -0.0017
 -0.0017
 -0.0017
 -0.0017
