0.1427
 0.1426
 0.1425
 0.1424
 0.1424
 0.1424
 0.1423
 0.1423
 0.1422
 0.1421
 0.1420
 0.1419
 0.1418
 0.1417
 0.1416
 0.1415
 0.1415
 0.1415
 0.1414
 0.1414
 0.1414
 0.1414
 0.1413
 0.1412
 0.1411
 0.1411
 0.1409
 0.1409
 0.1408
 0.1407
 0.1407
 0.1406
 0.1406
 0.1405
 0.1405
 0.1405
 0.1404
 0.1404
 0.1404
 0.1404
 0.1405
 0.1405
 0.1405
 0.1406
 0.1406
 0.1406
 0.1406
 0.1405
 0.1405
 0.1405
 0.1404
 0.1403
 0.1401
 0.1397
 0.1396
 0.1396
 0.1397
 0.1398
 0.1399
 0.1399
 0.1396
 0.1389
 0.1391
 0.1391
 0.1389
 0.1389
 0.1391
 0.1393
 0.1393
 0.1392
 0.1391
 0.1391
 0.1391
 0.1392
 0.1392
 0.1391
 0.1391
 0.1391
 0.1391
 0.1391
 0.1391
 0.1391
 0.1391
 0.1392
 0.1392
 0.1392
 0.1392
 0.1392
 0.1391
 0.1391
 0.1391
 0.1391
 0.1391
 0.1390
 0.1390
 0.1390
 0.1390
 0.1390
 0.1390
 0.1389
 0.1389
 0.1388
 0.1387
 0.1386
 0.1386
 0.1386
 0.1385
 0.1384
 0.1383
 0.1383
 0.1382
 0.1382
 0.1381
 0.1381
 0.1380
 0.1380
 0.1380
 0.1380
 0.1380
 0.1380
 0.1380
 0.1380
 0.1379
 0.1379
 0.1379
 0.1379
 0.1379
 0.1379
 0.1379
 0.1379
 0.1378
 0.1378
 0.1377
 0.1377
 0.1376
 0.1376
 0.1375
 0.1375
 0.1375
 0.1375
 0.1375
 0.1375
 0.1354
 0.1351
 0.1350
 0.1350
 0.1350
 0.1350
 0.1355
 0.1381
 0.1379
 0.1412
 0.1413
 0.1420
 0.1425
 0.1425
 0.1425
 0.1427
 0.1427
 0.1424
 0.1422
 0.1421
 0.1421
 0.1421
 0.1422
 0.1422
 0.1424
 0.1425
 0.1426
 0.1426
 0.1426
 0.1427
 0.1428
 0.1428
 0.1429
 0.1429
 0.1429
 0.1430
 0.1430
 0.1430
 0.1430
 0.1431
 0.1431
 0.1431
 0.1431
 0.1431
 0.1430
 0.1430
 0.1429
 0.1429
 0.1428
 0.1428
 0.1428
 0.1429
 0.1429
 0.1430
 0.1430
 0.1430
 0.1430
 0.1430
 0.1430
 0.1430
 0.1430
 0.1430
 0.1430
 0.1430
 0.1429
 0.1429
 0.1428
 0.1427
 0.1427
 0.1427
 0.1428
 0.1428
 0.1428
 0.1428
 0.1429
 0.1429
 0.1429
 0.1430
 0.1430
 0.1431
 0.1431
 0.1431
 0.1432
 0.1432
 0.1433
 0.1433
 0.1433
 0.1433
 0.1433
 0.1433
 0.1432
 0.1432
 0.1432
 0.1432
 0.1433
 0.1433
 0.1433
 0.1433
 0.1432
 0.1431
 0.1430
 0.1430
 0.1428
 0.0774
 0.0752
 0.0745
 0.0723
 0.0706
 0.0667
 0.0657
 0.0647
 0.0641
 0.0635
 0.0593
 0.0581
 0.0570
 0.0557
 0.0549
 0.0543
 0.0526
 0.0508
 0.0495
 0.0483
 0.0472
 0.0466
 0.0455
 0.0408
 0.0395
 0.0389
 0.0380
 0.0368
 0.0310
 0.0290
 0.0010
 -0.0003
 -0.0004
 -0.0005
 -0.0004
 -0.0003
 -0.0003
 -0.0004
 -0.0005
 -0.0003
