
1999999.970198               1.701030                 -5.141601
1739498.019218               0.903526                 -6.655413
1512926.638126               0.788372                 -5.831333
1315866.440535               0.666470                 -5.062679
1144473.552704               0.588032                 -4.436732
995404.690504               -0.333852                 -2.664330
865752.249956               -0.178928                 -2.329502
752987.176180               -0.047695                 -2.008644
654909.789562               0.040568                 -1.746213
569607.138634               0.099577                 -1.521739
495415.270329               0.136598                 -1.322102
430886.954069               0.169908                 -1.151841
374763.518572               0.200004                 -0.996364
325950.175524               0.222991                 -0.857388
283494.830132               0.225968                 -0.727058
246569.305658               0.239458                 -0.631191
214453.428984               0.238079                 -0.533810
186520.636082               0.245621                 -0.452402
162226.170301               0.251867                 -0.375476
141096.085310               0.263960                 -0.292322
122718.125582               0.257030                 -0.235763
106733.947992               0.260985                 -0.177247
92831.790447               0.263066                 -0.119142
80740.302801               0.267208                 -0.064909
70223.808289               0.272243                 -0.012859
61077.117920               0.278532                 0.038270
53121.775389               0.289875                 0.102229
46202.570200               0.293921                 0.140505
40184.676647               0.304755                 0.193705
34950.524569               0.317923                 0.248479
30398.190022               0.332355                 0.304702
26438.802481               0.339541                 0.387445
22995.114326               0.367017                 0.428039
19999.980927               0.389249                 0.496309
17395.019531               0.413737                 0.570733
15129.268169               0.441945                 0.650068
13158.649206               0.474039                 0.737216
11444.717646               0.510525                 0.833496
9954.035282               0.551679                 0.938997
8657.544851               0.598153                 1.055949
7529.854774               0.650320                 1.183111
6549.060345               0.708408                 1.325012
5696.028471               0.778195                 1.480130
4954.129457               0.862374                 1.652845
4308.879375               0.958974                 1.844913
3747.671843               1.074961                 2.056336
3259.509802               1.207221                 2.286954
2834.916115               1.360270                 2.536531
2465.665340               1.537708                 2.808028
2144.515514               1.746748                 3.097206
1865.208149               1.989317                 3.404499
1622.289419               2.269650                 3.728309
1410.931349               2.589226                 4.066537
1227.200031               2.955445                 4.414083
1067.340374               3.435300                 4.766546
928.312540               3.903558                 5.122274
807.434320               4.424718                 5.463520
702.202320               4.994691                 5.792263
610.738993               5.613103                 6.099296
531.256199               6.284698                 6.360973
462.055206               6.985226                 6.587128
401.884317               7.709768                 6.761774
349.491835               8.458982                 6.884553
303.983688               9.207037                 6.960911
264.376402               9.948536                 6.980231
229.954720               10.648331                 6.961305
200.003386               11.307946                 6.914330
173.985958               11.918107                 6.854465
151.276588               12.483298                 6.799380
131.607056               12.991539                 6.752139
114.440918               13.454326                 6.747683
99.509954               13.873490                 6.790855
86.545944               14.266347                 6.875618
75.280666               14.609457                 7.030529
65.535307               14.960692                 7.261599
56.952238               15.277357                 7.596198
49.531460               15.608175                 8.019345
43.094158               15.929738                 8.529486
37.461519               16.274330                 9.161871
32.633543               16.633162                 9.912360
28.342009               17.017168                 10.790527
24.676323               17.467780                 11.799003
21.457672               17.969783                 12.979480
18.686056               18.474516                 14.316432
16.182661               19.164869                 15.902052
14.126301               19.853426                 17.564223
12.248755               20.734448                 19.555338
10.639429               21.666689                 21.719056
9.298325               22.741420                 24.039902
8.046627               24.023438                 26.894093
7.063150               25.266783                 29.734969
6.079674               26.968410                 33.208645
5.275011               28.810785                 37.103714
4.649162               30.562882                 40.719637
4.023314               33.535674                 45.130757
3.486872               36.245178                 50.221722
3.039837               39.131772                 55.560882
2.682209               42.250528                 61.116809
2.324581               45.689147                 67.793970
1.966953               51.147640                 76.308186
