
1999999.970198               -5.520019                 -10.131779
1739498.019218               1.576620                 -6.122544
1512926.638126               0.725063                 -5.499767
1315866.440535               0.556696                 -4.915831
1144473.552704               -0.468929                 -3.121059
995404.690504               -0.417642                 -2.609178
865752.249956               -0.242753                 -2.365259
752987.176180               -0.180479                 -2.101615
654909.789562               -0.116531                 -1.836933
569607.138634               -0.138441                 -1.629159
495415.270329               -0.026215                 -1.400865
430886.954069               -0.057619                 -1.208824
374763.518572               0.031021                 -1.062580
325950.175524               0.036342                 -0.945932
283494.830132               0.090518                 -0.849448
246569.305658               0.047621                 -0.734637
214453.428984               0.055635                 -0.660771
186520.636082               0.055512                 -0.552015
162226.170301               0.207704                 -0.519044
141096.085310               -0.105465                 -0.341488
122718.125582               0.036869                 -0.377055
106733.947992               0.026118                 -0.305618
92831.790447               0.032912                 -0.277076
80740.302801               0.033703                 -0.247287
70223.808289               0.029147                 -0.219354
61077.117920               0.027081                 -0.171134
53121.775389               0.134951                 -0.020715
46202.570200               0.023495                 -0.109122
40184.676647               0.023167                 -0.085770
34950.524569               0.030434                 -0.078753
30398.190022               0.024622                 -0.049527
26438.802481               0.265603                 -0.380851
22995.114326               0.035600                 -0.019540
19999.980927               0.040372                 -0.004671
17395.019531               0.040316                 0.014131
15129.268169               0.044705                 0.029242
13158.649206               0.056746                 0.046095
11444.717646               0.057279                 0.058846
9954.035282               0.064494                 0.072172
8657.544851               0.068678                 0.084273
7529.854774               0.086692                 0.105003
6549.060345               0.098371                 0.123903
5696.028471               0.105709                 0.137284
4954.129457               0.108462                 0.149033
4308.879375               0.114815                 0.157747
3747.671843               0.189492                 0.205781
3259.509802               0.201680                 0.228762
2834.916115               0.190389                 0.228889
2465.665340               0.194084                 0.237385
2144.515514               0.210135                 0.262307
1865.208149               0.247463                 0.302110
1622.289419               0.267790                 0.330192
1410.931349               0.293148                 0.368657
1227.200031               0.315379                 0.406108
1067.340374               0.334583                 0.435508
928.312540               0.359024                 0.480114
807.434320               0.410186                 0.542418
702.202320               0.445432                 0.592738
610.738993               0.497962                 0.650336
531.256199               0.545552                 0.713308
462.055206               0.582559                 0.768726
401.884317               0.629918                 0.826242
349.491835               0.691058                 0.896660
303.983688               0.772281                 0.977853
264.376402               0.864389                 1.063332
229.954720               0.936522                 1.128024
200.003386               1.028507                 1.211600
173.985958               1.113155                 1.316985
151.276588               1.240817                 1.392609
131.607056               1.341231                 1.484619
114.440918               1.423077                 1.601301
99.509954               1.571974                 1.712937
86.545944               1.708629                 1.794564
75.280666               1.843512                 1.974319
65.535307               1.961406                 2.083086
56.952238               2.122264                 2.236513
49.531460               2.274530                 2.415062
43.094158               2.420855                 2.562745
37.461519               2.647882                 2.768599
32.633543               2.775698                 2.917588
28.342009               2.937866                 3.178303
24.676323               3.161154                 3.447707
21.457672               3.322243                 3.694620
18.686056               3.577074                 4.006514
16.182661               3.910328                 4.272997
14.126301               4.173407                 4.641656
12.248755               4.472507                 5.035887
10.639429               4.695618                 5.448418
9.298325               5.037895                 5.645802
8.046627               4.994948                 6.586742
7.063150               5.515336                 6.961443
6.079674               5.715750                 7.881309
5.275011               5.990109                 8.599830
4.649162               6.649972                 9.363847
4.023314               6.682319                 10.054166
3.486872               6.840929                 11.786769
3.039837               7.673181                 12.853075
2.682209               8.641130                 13.997755
2.324581               8.328847                 14.667914
1.966953               9.891196                 16.811196
