
1999999.970198               0.123960                 -2.574023
1739498.019218               -1.500796                 -3.985501
1512926.638126               -1.203798                 -3.392123
1315866.440535               -0.864114                 -2.981307
1144473.552704               -0.568317                 -2.578011
995404.690504               -0.416255                 -2.160718
865752.249956               -0.304967                 -1.862037
752987.176180               -0.211464                 -1.636328
654909.789562               -0.095422                 -1.438590
569607.138634               -0.048298                 -1.234748
495415.270329               -0.051303                 -1.126013
430886.954069               0.001731                 -0.947863
374763.518572               -0.004900                 -0.817313
325950.175524               0.092591                 -0.747504
283494.830132               0.063773                 -0.730300
246569.305658               0.069024                 -0.591448
214453.428984               0.081385                 -0.540051
186520.636082               0.061110                 -0.426251
162226.170301               0.026874                 -0.370887
141096.085310               0.101815                 -0.640283
122718.125582               0.069580                 -0.290739
106733.947992               0.103022                 -0.262744
92831.790447               0.066819                 -0.221227
80740.302801               0.064770                 -0.189767
70223.808289               0.063237                 -0.164974
61077.117920               0.061820                 -0.142916
53121.775389               -0.034082                 -0.115939
46202.570200               0.058418                 -0.101532
40184.676647               0.059217                 -0.084377
34950.524569               0.059361                 -0.066153
30398.190022               0.058170                 -0.046634
26438.802481               -0.004552                 0.088385
22995.114326               0.062706                 -0.022411
19999.980927               0.066832                 -0.011791
17395.019531               0.070894                 -0.001266
15129.268169               0.072809                 0.010065
13158.649206               0.072369                 0.021204
11444.717646               0.072080                 0.031593
9954.035282               0.074226                 0.041622
8657.544851               0.077793                 0.052073
7529.854774               0.084099                 0.064531
6549.060345               0.089805                 0.077207
5696.028471               0.094414                 0.089210
4954.129457               0.098731                 0.101768
4308.879375               0.103856                 0.114085
3747.671843               0.109607                 0.128559
3259.509802               0.116367                 0.145359
2834.916115               0.124506                 0.165224
2465.665340               0.136995                 0.188460
2144.515514               0.147756                 0.210001
1865.208149               0.154036                 0.227533
1622.289419               0.164570                 0.254568
1410.931349               0.179003                 0.283440
1227.200031               0.197044                 0.316601
1067.340374               0.216158                 0.350344
928.312540               0.237628                 0.387741
807.434320               0.259788                 0.431022
702.202320               0.289830                 0.478181
610.738993               0.321677                 0.527363
531.256199               0.354714                 0.578487
462.055206               0.399139                 0.637676
401.884317               0.443513                 0.700144
349.491835               0.495297                 0.767000
303.983688               0.550692                 0.838928
264.376402               0.608865                 0.915465
229.954720               0.678956                 0.996003
200.003386               0.751060                 1.077929
173.985958               0.826676                 1.168901
151.276588               0.916331                 1.261596
131.607056               1.008728                 1.358457
114.440918               1.103291                 1.462802
99.509954               1.205789                 1.576975
86.545944               1.311100                 1.703148
75.280666               1.429340                 1.828583
65.535307               1.554872                 1.970431
56.952238               1.680386                 2.128840
49.531460               1.811930                 2.300258
43.094158               1.962894                 2.481071
37.461519               2.116205                 2.687555
32.633543               2.271193                 2.908790
28.342009               2.434377                 3.143629
24.676323               2.615130                 3.415226
21.457672               2.806600                 3.686547
18.686056               2.997797                 4.006544
16.182661               3.329074                 4.404686
14.126301               3.582661                 4.788098
12.248755               3.854468                 5.241323
10.639429               4.098262                 5.765968
9.298325               4.439653                 6.322753
8.046627               4.779651                 6.937796
7.063150               5.091518                 7.615433
6.079674               5.520896                 8.431078
5.275011               5.953851                 9.272168
4.649162               6.291809                 10.108311
4.023314               6.823550                 11.177188
3.486872               7.245048                 12.301382
3.039837               7.828504                 13.484422
2.682209               8.314889                 14.706240
2.324581               8.950406                 16.304099
1.966953               9.736683                 18.454563
