
1999999.970198               -6.216553                 -12.078723
1739498.019218               1.379161                 -6.606004
1512926.638126               0.727560                 -5.811488
1315866.440535               0.397729                 -5.165016
1144473.552704               0.496145                 -4.614942
995404.690504               -0.336499                 -2.917548
865752.249956               -0.264023                 -2.625212
752987.176180               -0.127787                 -2.277482
654909.789562               -0.015959                 -2.038814
569607.138634               0.014827                 -1.746337
495415.270329               0.075896                 -1.518893
430886.954069               0.064293                 -1.319848
374763.518572               0.159586                 -1.129188
325950.175524               0.139242                 -1.012050
283494.830132               0.095300                 -1.001379
246569.305658               0.116019                 -0.782252
214453.428984               0.134308                 -0.651114
186520.636082               0.166785                 -0.600791
162226.170301               0.140608                 -0.388384
141096.085310               0.155033                 -0.537303
122718.125582               0.144173                 -0.380038
106733.947992               0.092585                 -0.403952
92831.790447               0.142871                 -0.274269
80740.302801               0.142234                 -0.225213
70223.808289               0.132782                 -0.173517
61077.117920               0.135956                 -0.127614
53121.775389               0.095863                 -0.166184
46202.570200               0.155989                 -0.062476
40184.676647               0.145403                 -0.032515
34950.524569               0.145824                 0.002949
30398.190022               0.146844                 0.032485
26438.802481               0.240550                 -0.342928
22995.114326               0.173309                 0.108401
19999.980927               0.173180                 0.140332
17395.019531               0.176562                 0.169302
15129.268169               0.184777                 0.203667
13158.649206               0.201037                 0.252297
11444.717646               0.216440                 0.296714
9954.035282               0.229386                 0.343971
8657.544851               0.241006                 0.388608
7529.854774               0.260687                 0.444100
6549.060345               0.284734                 0.503331
5696.028471               0.305961                 0.564225
4954.129457               0.329016                 0.633929
4308.879375               0.358855                 0.720098
3747.671843               0.413807                 0.806654
3259.509802               0.453125                 0.911006
2834.916115               0.493336                 1.024209
2465.665340               0.538623                 1.134726
2144.515514               0.586967                 1.279114
1865.208149               0.648879                 1.435833
1622.289419               0.717336                 1.605641
1410.931349               0.797978                 1.803778
1227.200031               0.893461                 2.023333
1067.340374               0.994723                 2.256250
928.312540               1.120495                 2.520189
807.434320               1.262102                 2.818269
702.202320               1.438907                 3.157314
610.738993               1.617287                 3.492892
531.256199               1.861960                 3.887964
462.055206               2.137905                 4.339850
401.884317               2.451046                 4.809481
349.491835               2.899618                 5.321140
303.983688               3.329739                 5.824315
264.376402               3.822748                 6.380200
229.954720               4.415745                 6.963613
200.003386               5.095430                 7.570267
173.985958               5.832928                 8.155283
151.276588               6.705001                 8.752377
131.607056               7.657550                 9.291676
114.440918               8.706143                 9.827548
99.509954               9.841241                 10.260465
86.545944               11.021600                 10.618868
75.280666               12.293576                 10.904974
65.535307               13.525170                 11.040886
56.952238               14.774527                 11.105326
49.531460               16.044840                 11.091059
43.094158               17.240954                 10.999747
37.461519               18.379263                 10.831254
32.633543               19.444159                 10.635052
28.342009               20.455428                 10.415815
24.676323               21.383491                 10.161240
21.457672               22.185831                 9.893163
18.686056               22.939335                 9.766024
16.182661               23.709613                 9.665423
14.126301               24.385693                 9.562679
12.248755               24.970906                 9.641445
10.639429               25.586658                 9.673452
9.298325               26.150738                 9.931391
8.046627               26.727371                 10.307732
7.063150               27.318433                 10.717185
6.079674               28.030713                 11.091205
5.275011               28.789989                 12.034304
4.649162               29.473295                 12.514634
4.023314               30.190283                 13.644816
3.486872               31.180738                 14.763867
3.039837               32.537072                 15.740247
2.682209               33.570419                 16.555389
2.324581               34.430381                 18.015035
1.966953               36.593205                 18.998788
