
1999999.970198               -4.413711                 -12.421849
1739498.019218               0.985490                 -5.936910
1512926.638126               0.245761                 -5.201560
1315866.440535               0.171558                 -4.313753
1144473.552704               -0.257479                 -2.967929
995404.690504               -0.369642                 -2.613138
865752.249956               -0.146221                 -2.409686
752987.176180               -0.124363                 -1.964417
654909.789562               -0.046354                 -1.742175
569607.138634               -0.058499                 -1.624408
495415.270329               0.024383                 -1.366678
430886.954069               -0.018296                 -1.210530
374763.518572               0.045250                 -0.958829
325950.175524               -0.014997                 -0.797167
283494.830132               0.202346                 -0.883779
246569.305658               0.052031                 -0.700167
214453.428984               -0.046773                 -0.584905
186520.636082               -0.115353                 -0.529930
162226.170301               0.673271                 -0.466771
141096.085310               -0.008942                 -0.527808
122718.125582               0.074988                 -0.331005
106733.947992               0.136112                 -0.292218
92831.790447               0.075272                 -0.231105
80740.302801               0.077738                 -0.200371
70223.808289               0.074955                 -0.159098
61077.117920               0.071434                 -0.139875
53121.775389               -0.206580                 -0.496387
46202.570200               0.084144                 -0.078377
40184.676647               0.081059                 -0.043886
34950.524569               0.081341                 -0.017707
30398.190022               0.093268                 0.002339
26438.802481               -0.489071                 0.308142
22995.114326               0.093944                 0.055898
19999.980927               0.101041                 0.081360
17395.019531               0.102882                 0.106100
15129.268169               0.115691                 0.137834
13158.649206               0.126046                 0.166574
11444.717646               0.125599                 0.186485
9954.035282               0.138649                 0.221745
8657.544851               0.157068                 0.263914
7529.854774               0.169628                 0.302751
6549.060345               0.183364                 0.340604
5696.028471               0.197547                 0.382331
4954.129457               0.217419                 0.434065
4308.879375               0.236659                 0.490815
3747.671843               0.269248                 0.546976
3259.509802               0.288437                 0.606045
2834.916115               0.326832                 0.690741
2465.665340               0.381050                 0.814440
2144.515514               0.420648                 0.923589
1865.208149               0.438087                 0.988755
1622.289419               0.485696                 1.114505
1410.931349               0.553588                 1.252949
1227.200031               0.605819                 1.398157
1067.340374               0.694747                 1.565903
928.312540               0.776960                 1.753731
807.434320               0.889969                 1.965622
702.202320               1.012008                 2.185072
610.738993               1.147411                 2.436215
531.256199               1.333550                 2.701978
462.055206               1.525432                 3.001911
401.884317               1.762417                 3.309488
349.491835               2.024795                 3.642306
303.983688               2.349565                 3.993051
264.376402               2.703061                 4.355335
229.954720               3.190289                 4.754007
200.003386               3.687278                 5.134620
173.985958               4.198182                 5.548402
151.276588               4.833448                 5.909273
131.607056               5.478307                 6.240088
114.440918               6.139496                 6.468132
99.509954               6.898862                 6.721774
86.545944               7.665418                 6.907441
75.280666               8.448678                 7.034129
65.535307               9.259608                 7.085986
56.952238               10.086277                 7.112104
49.531460               10.864660                 7.057962
43.094158               11.632298                 6.975214
37.461519               12.355967                 6.836339
32.633543               13.033567                 6.703544
28.342009               13.673095                 6.541696
24.676323               14.288850                 6.374126
21.457672               14.790312                 6.266488
18.686056               15.346653                 6.060287
16.182661               15.835441                 5.961449
14.126301               16.217788                 5.921317
12.248755               16.635645                 5.867394
10.639429               17.061499                 5.880740
9.298325               17.274207                 5.984527
8.046627               17.602153                 6.022029
7.063150               18.060653                 6.245163
6.079674               18.492144                 6.504294
5.275011               18.992983                 6.819336
4.649162               19.419340                 7.009693
4.023314               19.978130                 7.492137
3.486872               20.569591                 8.236239
3.039837               21.310728                 8.697261
2.682209               21.923225                 9.152765
2.324581               22.428599                 9.886447
1.966953               24.346708                 10.991985
