
1999999.970198               2.675096                 -1.496678
1739498.019218               -1.559217                 -4.309501
1512926.638126               -1.084083                 -3.786309
1315866.440535               -0.756759                 -3.266238
1144473.552704               -0.480929                 -2.943101
995404.690504               -0.334605                 -2.531072
865752.249956               -0.283379                 -2.130783
752987.176180               -0.188313                 -1.783216
654909.789562               -0.081438                 -1.586406
569607.138634               -0.048341                 -1.412884
495415.270329               -0.019172                 -1.249224
430886.954069               0.057977                 -1.101793
374763.518572               0.049846                 -0.960892
325950.175524               0.033744                 -0.889469
283494.830132               0.095158                 -0.705745
246569.305658               0.075416                 -0.635777
214453.428984               0.089728                 -0.596250
186520.636082               0.102227                 -0.427218
162226.170301               0.083559                 -0.474461
141096.085310               0.411008                 -0.371046
122718.125582               0.078233                 -0.326488
106733.947992               0.064735                 -0.286656
92831.790447               0.074146                 -0.245051
80740.302801               0.075933                 -0.212351
70223.808289               0.077654                 -0.178504
61077.117920               0.076446                 -0.155180
53121.775389               0.224058                 0.013690
46202.570200               0.078603                 -0.106278
40184.676647               0.072136                 -0.084031
34950.524569               0.074777                 -0.066920
30398.190022               0.075631                 -0.051796
26438.802481               0.085649                 -0.141893
22995.114326               0.078673                 -0.025027
19999.980927               0.083532                 -0.008438
17395.019531               0.086586                 0.002442
15129.268169               0.087067                 0.014823
13158.649206               0.090030                 0.027169
11444.717646               0.097383                 0.039802
9954.035282               0.099564                 0.053159
8657.544851               0.101158                 0.067182
7529.854774               0.110186                 0.081246
6549.060345               0.112361                 0.092335
5696.028471               0.118490                 0.108413
4954.129457               0.125466                 0.120473
4308.879375               0.129538                 0.138111
3747.671843               0.139238                 0.168489
3259.509802               0.149403                 0.185523
2834.916115               0.153776                 0.208838
2465.665340               0.166777                 0.226368
2144.515514               0.179138                 0.249598
1865.208149               0.187815                 0.274006
1622.289419               0.206435                 0.301662
1410.931349               0.226839                 0.334611
1227.200031               0.249260                 0.368446
1067.340374               0.272753                 0.403219
928.312540               0.302927                 0.442812
807.434320               0.336929                 0.482703
702.202320               0.369496                 0.523634
610.738993               0.409416                 0.575123
531.256199               0.454411                 0.624737
462.055206               0.502478                 0.679288
401.884317               0.551106                 0.733131
349.491835               0.602488                 0.789158
303.983688               0.663416                 0.850447
264.376402               0.736442                 0.915695
229.954720               0.798702                 0.985931
200.003386               0.865344                 1.076558
173.985958               0.939077                 1.117137
151.276588               1.023214                 1.211986
131.607056               1.106667                 1.288066
114.440918               1.199642                 1.398652
99.509954               1.290497                 1.491820
86.545944               1.367590                 1.597457
75.280666               1.490589                 1.723049
65.535307               1.610402                 1.870703
56.952238               1.729342                 2.030498
49.531460               1.861798                 2.175253
43.094158               1.997178                 2.352504
37.461519               2.154135                 2.541810
32.633543               2.312878                 2.723419
28.342009               2.461952                 2.967604
24.676323               2.620932                 3.224281
21.457672               2.801901                 3.487982
18.686056               3.004438                 3.864986
16.182661               3.242560                 4.257534
14.126301               3.650518                 4.543585
12.248755               3.702766                 4.954542
10.639429               3.953851                 5.422918
9.298325               4.260021                 5.921242
8.046627               4.426751                 6.408074
7.063150               4.811376                 6.993277
6.079674               5.349414                 7.839005
5.275011               5.621347                 8.662502
4.649162               5.674977                 9.352673
4.023314               6.175654                 10.526469
3.486872               6.806224                 11.727227
3.039837               7.410124                 13.046632
2.682209               7.780225                 14.186937
2.324581               8.465322                 15.840396
1.966953               8.747370                 17.576606
