
1999999.970198               16.258223                 -47.356443
1739498.019218               -8.537510                 -22.674348
1512926.638126               -0.889597                 -7.193810
1315866.440535               -0.530766                 -6.102920
1144473.552704               -0.271528                 -5.250490
995404.690504               -0.101628                 -4.549196
865752.249956               -0.275052                 -2.778794
752987.176180               -0.123183                 -2.426244
654909.789562               -0.025482                 -2.121771
569607.138634               0.059676                 -1.845664
495415.270329               0.116427                 -1.610811
430886.954069               0.161525                 -1.403020
374763.518572               0.193201                 -1.223390
325950.175524               0.218349                 -1.069246
283494.830132               0.236450                 -0.922452
246569.305658               0.246271                 -0.802066
214453.428984               0.266113                 -0.691975
186520.636082               0.256428                 -0.593404
162226.170301               0.248923                 -0.531135
141096.085310               0.231297                 -0.441674
122718.125582               0.266018                 -0.374099
106733.947992               0.269333                 -0.311208
92831.790447               0.267994                 -0.259357
80740.302801               0.269237                 -0.210652
70223.808289               0.271031                 -0.165771
61077.117920               0.273105                 -0.123651
53121.775389               0.261145                 -0.092529
46202.570200               0.275048                 -0.045216
40184.676647               0.277627                 -0.007636
34950.524569               0.280327                 0.029222
30398.190022               0.283375                 0.066198
26438.802481               0.296424                 0.116224
22995.114326               0.293090                 0.141899
19999.980927               0.298894                 0.183778
17395.019531               0.305878                 0.226696
15129.268169               0.314004                 0.273968
13158.649206               0.323093                 0.323804
11444.717646               0.333327                 0.378592
9954.035282               0.346521                 0.437288
8657.544851               0.360682                 0.503693
7529.854774               0.376520                 0.576931
6549.060345               0.396044                 0.658316
5696.028471               0.418120                 0.747623
4954.129457               0.442374                 0.847118
4308.879375               0.468959                 0.964036
3747.671843               0.498259                 1.088892
3259.509802               0.537114                 1.234015
2834.916115               0.579974                 1.392441
2465.665340               0.631966                 1.562294
2144.515514               0.690660                 1.769560
1865.208149               0.763632                 2.002864
1622.289419               0.845871                 2.255006
1410.931349               0.940446                 2.532251
1227.200031               1.048670                 2.840970
1067.340374               1.183023                 3.197244
928.312540               1.335744                 3.594521
807.434320               1.522858                 4.033342
702.202320               1.734132                 4.512853
610.738993               1.993017                 5.049525
531.256199               2.394486                 5.709903
462.055206               2.760025                 6.362394
401.884317               3.192173                 7.061709
349.491835               3.703105                 7.813529
303.983688               4.303658                 8.635617
264.376402               5.004214                 9.497106
229.954720               5.802063                 10.379924
200.003386               6.729179                 11.311050
173.985958               7.789295                 12.263308
151.276588               9.005638                 13.181157
131.607056               10.326767                 14.080067
114.440918               11.793614                 14.956297
99.509954               13.446367                 15.761338
86.545944               15.126169                 16.478256
75.280666               16.996634                 17.118491
65.535307               18.912212                 17.537600
56.952238               20.827475                 17.946683
49.531460               22.694623                 18.130030
43.094158               24.520362                 18.305288
37.461519               26.598711                 18.178949
32.633543               28.292050                 18.154825
28.342009               30.048176                 17.962311
24.676323               31.630511                 17.771192
21.457672               33.138182                 17.614381
18.686056               34.524222                 17.493361
16.182661               35.898008                 17.291570
14.126301               36.986445                 17.360045
12.248755               38.172700                 17.455984
10.639429               39.105167                 17.516725
9.298325               40.292611                 17.923173
8.046627               40.998900                 18.495363
7.063150               41.987870                 19.223786
6.079674               42.637704                 20.136157
5.275011               43.949990                 21.532178
4.649162               44.380145                 22.709207
4.023314               45.409552                 24.582691
3.486872               52.152532                 29.635949
3.039837               53.387246                 31.673282
2.682209               53.788716                 33.841580
2.324581               55.569395                 37.783662
1.966953               57.717793                 42.586967
