
1999999.970198               -5.548644                 -8.675876
1739498.019218               1.231110                 -4.481150
1512926.638126               -0.451518                 -2.749979
1315866.440535               -0.210720                 -2.614481
1144473.552704               -0.048810                 -2.192711
995404.690504               -0.028416                 -1.926183
865752.249956               0.127682                 -1.719503
752987.176180               0.251177                 -1.443012
654909.789562               0.266074                 -1.379351
569607.138634               0.229114                 -1.164295
495415.270329               0.309039                 -0.986868
430886.954069               0.302780                 -0.758689
374763.518572               0.374586                 -0.837253
325950.175524               0.342364                 -0.840206
283494.830132               0.236438                 -0.698583
246569.305658               0.375600                 -0.498277
214453.428984               0.311703                 -0.395760
186520.636082               0.003303                 -0.272003
162226.170301               0.261003                 -0.364772
141096.085310               0.507600                 -0.186479
122718.125582               0.345116                 -0.173056
106733.947992               0.404443                 -0.121931
92831.790447               0.354760                 -0.089512
80740.302801               0.353612                 -0.040286
70223.808289               0.361000                 -0.001106
61077.117920               0.364873                 0.041238
53121.775389               -0.180206                 -0.119602
46202.570200               0.377181                 0.127480
40184.676647               0.382743                 0.171858
34950.524569               0.394310                 0.218191
30398.190022               0.405628                 0.266072
26438.802481               0.414717                 -0.056229
22995.114326               0.465892                 0.370282
19999.980927               0.483321                 0.432186
17395.019531               0.504867                 0.500677
15129.268169               0.530597                 0.574887
13158.649206               0.562802                 0.655593
11444.717646               0.595021                 0.743305
9954.035282               0.636124                 0.839460
8657.544851               0.678269                 0.944665
7529.854774               0.729492                 1.060767
6549.060345               0.787292                 1.191092
5696.028471               0.854163                 1.336228
4954.129457               0.930716                 1.494013
4308.879375               1.015311                 1.666806
3747.671843               1.108281                 1.861848
3259.509802               1.221242                 2.076905
2834.916115               1.352411                 2.310061
2465.665340               1.503310                 2.568395
2144.515514               1.678740                 2.845030
1865.208149               1.882874                 3.152181
1622.289419               2.123435                 3.474622
1410.931349               2.396781                 3.823827
1227.200031               2.710139                 4.186582
1067.340374               3.073986                 4.578720
928.312540               3.545447                 4.997268
807.434320               4.029853                 5.401956
702.202320               4.542991                 5.807912
610.738993               5.098947                 6.202542
531.256199               5.775251                 6.628510
462.055206               6.437328                 6.990964
401.884317               7.179029                 7.344713
349.491835               7.962450                 7.659010
303.983688               8.799140                 7.947658
264.376402               9.656844                 8.187959
229.954720               10.567933                 8.378826
200.003386               11.452237                 8.512409
173.985958               12.421296                 8.615828
151.276588               13.312715                 8.669188
131.607056               14.212137                 8.661288
114.440918               15.107728                 8.672544
99.509954               15.922248                 8.629703
86.545944               16.686221                 8.591412
75.280666               17.441825                 8.504421
65.535307               18.116710                 8.514737
56.952238               18.803964                 8.491788
49.531460               19.445960                 8.526166
43.094158               20.044632                 8.605284
37.461519               20.605977                 8.757785
32.633543               21.154050                 8.955518
28.342009               21.705029                 9.227922
24.676323               22.245314                 9.578704
21.457672               22.801983                 10.028704
18.686056               23.394075                 10.574835
16.182661               24.043978                 11.281657
14.126301               24.669396                 11.994815
12.248755               25.357457                 12.916056
10.639429               26.103839                 13.931572
9.298325               27.199321                 15.167295
8.046627               27.827226                 16.305199
7.063150               28.768197                 17.587176
6.079674               30.200218                 19.467754
5.275011               31.295126                 21.361832
4.649162               32.761147                 23.111271
4.023314               34.457420                 25.359314
3.486872               36.359750                 27.684085
3.039837               38.023943                 30.344887
2.682209               39.947854                 32.521811
2.324581               43.000999                 35.221093
1.966953               46.093574                 39.902123
