
1999999.970198               0.328110                 -5.053185
1739498.019218               0.759429                 -6.330235
1512926.638126               0.665731                 -5.549688
1315866.440535               0.573268                 -4.803251
1144473.552704               -0.570745                 -2.891357
995404.690504               -0.370248                 -2.534589
865752.249956               -0.205283                 -2.191773
752987.176180               -0.094456                 -1.903218
654909.789562               -0.008367                 -1.661693
569607.138634               0.062844                 -1.453858
495415.270329               0.099429                 -1.263142
430886.954069               0.117296                 -1.090680
374763.518572               0.169167                 -0.953420
325950.175524               0.191492                 -0.826569
283494.830132               0.197051                 -0.720802
246569.305658               0.172567                 -0.624491
214453.428984               0.193527                 -0.530946
186520.636082               0.191324                 -0.440188
162226.170301               0.197721                 -0.430772
141096.085310               0.214971                 -0.302922
122718.125582               0.210843                 -0.251153
106733.947992               0.232886                 -0.174464
92831.790447               0.214936                 -0.148309
80740.302801               0.217509                 -0.100883
70223.808289               0.221171                 -0.056261
61077.117920               0.225682                 -0.012819
53121.775389               0.197929                 0.024646
46202.570200               0.235680                 0.072610
40184.676647               0.242785                 0.115323
34950.524569               0.250429                 0.159232
30398.190022               0.260779                 0.204604
26438.802481               0.344130                 0.284135
22995.114326               0.285066                 0.300261
19999.980927               0.301388                 0.353305
17395.019531               0.318941                 0.409334
15129.268169               0.339771                 0.470512
13158.649206               0.363947                 0.535627
11444.717646               0.391118                 0.606832
9954.035282               0.421282                 0.684520
8657.544851               0.456268                 0.769731
7529.854774               0.494852                 0.863055
6549.060345               0.540628                 0.966050
5696.028471               0.590558                 1.079162
4954.129457               0.650327                 1.203892
4308.879375               0.718932                 1.341246
3747.671843               0.799128                 1.490944
3259.509802               0.891160                 1.656562
2834.916115               0.996643                 1.837512
2465.665340               1.119042                 2.031566
2144.515514               1.260906                 2.242744
1865.208149               1.422836                 2.468270
1622.289419               1.611451                 2.709114
1410.931349               1.827773                 2.966428
1227.200031               2.078157                 3.235762
1067.340374               2.358358                 3.515276
928.312540               2.677268                 3.801221
807.434320               3.032147                 4.087954
702.202320               3.495590                 4.371743
610.738993               3.930882                 4.654745
531.256199               4.402906                 4.918358
462.055206               4.906692                 5.168371
401.884317               5.450693                 5.394287
349.491835               6.017073                 5.595760
303.983688               6.600572                 5.770657
264.376402               7.198531                 5.922532
229.954720               7.820561                 6.036612
200.003386               8.434803                 6.124449
173.985958               9.044980                 6.184333
151.276588               9.649031                 6.225289
131.607056               10.232993                 6.248117
114.440918               10.808192                 6.268339
99.509954               11.353803                 6.276733
86.545944               11.870499                 6.291878
75.280666               12.374934                 6.315533
65.535307               12.837445                 6.362280
56.952238               13.298021                 6.437761
49.531460               13.736944                 6.544604
43.094158               14.161441                 6.700535
37.461519               14.557848                 6.905683
32.633543               14.961758                 7.152868
28.342009               15.361939                 7.478567
24.676323               15.768489                 7.872249
21.457672               16.170933                 8.345467
18.686056               16.601524                 8.898096
16.182661               17.054375                 9.584580
14.126301               17.560511                 10.344579
12.248755               18.105728                 11.256133
10.639429               18.677976                 12.282144
9.298325               19.246518                 13.377383
8.046627               19.975215                 14.705289
7.063150               20.739033                 16.027119
6.079674               21.635624                 17.756070
5.275011               22.682076                 19.688567
4.649162               23.574124                 21.465531
4.023314               24.753029                 23.825229
3.486872               26.201829                 26.304589
3.039837               27.683954                 29.175071
2.682209               29.383659                 31.667665
2.324581               30.657509                 35.300179
1.966953               33.564781                 39.806670
