

Цикл № 1
Шаг  № 1
Точек  352
Линейная потенцио. развертка , ЭДС 80,261мВ, Скорость развертки 9,997 мВ/с.
Время, с.              Потенциал, мВ            Ток, мкА
0.423800               78.132000                 -30.801000
0.847500               73.757000                 -75.188000
1.271300               69.588000                 -120.530000
1.702700               60.906000                 -220.030000
2.126500               56.639000                 -272.590000
2.550200               52.349000                 -328.970000
2.974000               48.185000                 -387.640000
3.397700               43.905000                 -448.140000
3.821500               39.629000                 -509.330000
4.245200               35.361000                 -571.830000
4.669000               31.251000                 -634.980000
5.092700               26.979000                 -699.890000
5.516500               22.770000                 -767.920000
5.940200               18.490000                 -841.490000
6.364000               14.182000                 -923.270000
6.787700               10.085000                 -1014.600000
7.211500               5.880800                 -1117.600000
7.635200               1.573300                 -1230.500000
8.059000               -2.586300                 -1355.700000
8.482700               -6.916300                 -1493.400000
8.906500               -11.165000                 -1642.300000
9.337900               -16.562000                 -1855.300000
9.761700               -20.915000                 -2031.100000
10.185400               -25.061000                 -2219.800000
10.609200               -29.247000                 -2421.100000
11.032900               -33.492000                 -2635.400000
11.456700               -37.741000                 -2861.100000
11.880400               -41.910000                 -3097.800000
12.304200               -46.253000                 -3346.800000
12.727900               -50.377000                 -3605.100000
13.151700               -54.707000                 -3875.100000
13.575400               -58.858000                 -4155.200000
13.999200               -63.067000                 -4445.100000
14.422900               -67.302000                 -4743.200000
14.846700               -71.520000                 -5048.200000
15.270500               -75.716000                 -5357.600000
15.694200               -79.925000                 -5669.500000
16.118000               -84.237000                 -5982.800000
16.541700               -88.455000                 -6297.100000
16.965500               -92.673000                 -6611.100000
17.389200               -96.926000                 -6922.600000
17.813000               -101.150000                 -7231.300000
18.236700               -105.420000                 -7538.100000
18.660500               -109.520000                 -7843.300000
19.084200               -113.780000                 -8150.800000
19.508000               -117.980000                 -8457.400000
19.931700               -122.250000                 -8763.000000
20.355500               -126.550000                 -9066.900000
20.779200               -130.740000                 -9367.900000
21.203000               -134.910000                 -9666.900000
21.626700               -139.100000                 -9962.200000
22.050500               -143.400000                 -10253.000000
22.474200               -147.620000                 -10537.000000
22.898000               -151.850000                 -10814.000000
23.321700               -156.000000                 -11085.000000
23.745500               -160.340000                 -11351.000000
24.169200               -164.640000                 -11607.000000
24.593000               -168.820000                 -11847.000000
25.016700               -173.030000                 -12068.000000
25.440500               -177.250000                 -12268.000000
25.864200               -181.480000                 -12440.000000
26.288000               -185.790000                 -12575.000000
26.711700               -189.950000                 -12673.000000
27.135500               -194.190000                 -12717.000000
27.559200               -198.500000                 -12719.000000
27.983000               -202.700000                 -12649.000000
28.406700               -206.930000                 -12518.000000
28.830500               -211.120000                 -12329.000000
29.254200               -215.270000                 -12042.000000
29.678000               -219.580000                 -11650.000000
30.101800               -223.900000                 -11083.000000
30.525500               -228.100000                 -10393.000000
30.949300               -232.280000                 -9684.600000
31.373000               -236.510000                 -8729.400000
31.796800               -240.840000                 -7493.000000
32.220500               -245.070000                 -6101.200000
32.644300               -249.210000                 -5057.900000
33.068000               -253.480000                 -4908.000000
33.491800               -257.740000                 -4804.100000
33.915500               -261.950000                 -4668.100000
34.339300               -266.260000                 -4448.400000
34.763000               -270.460000                 -4030.500000
35.186800               -274.650000                 -3456.000000
35.610500               -278.870000                 -3205.000000
36.034300               -283.160000                 -3105.300000
36.458000               -287.260000                 -3093.400000
36.881800               -291.590000                 -3067.400000
37.305500               -295.820000                 -3016.300000
37.729300               -300.080000                 -2960.300000
38.153000               -304.290000                 -2914.200000
38.576800               -308.490000                 -2853.500000
39.000500               -312.680000                 -2781.600000
39.424300               -317.010000                 -2686.400000
39.848000               -321.260000                 -2587.600000
40.271800               -325.450000                 -2504.900000
40.695500               -329.700000                 -2406.300000
41.119300               -333.870000                 -2268.300000
41.543000               -338.160000                 -2140.000000
41.966800               -342.410000                 -1857.900000
42.390500               -346.560000                 -1538.200000
42.814300               -350.820000                 -1193.500000
43.238000               -355.050000                 -941.090000
43.661800               -359.240000                 -745.200000
44.085600               -363.440000                 -442.820000
44.509300               -367.740000                 -296.470000
44.933100               -371.890000                 -289.190000
45.356800               -376.200000                 -286.410000
45.780600               -380.410000                 -285.130000
46.204300               -384.660000                 -282.250000
46.628100               -388.850000                 -278.650000
47.051800               -393.040000                 -276.290000
47.475600               -397.370000                 -274.680000
47.899300               -401.530000                 -274.780000
48.323100               -405.790000                 -276.150000
48.746800               -409.960000                 -278.130000
49.170600               -414.190000                 -282.530000
49.594300               -418.430000                 -288.110000
50.018100               -422.650000                 -295.060000
50.441800               -426.950000                 -305.170000
50.865600               -431.110000                 -319.120000
51.289300               -435.310000                 -333.770000
51.713100               -439.500000                 -353.340000
52.136800               -443.770000                 -377.870000
52.560600               -447.980000                 -407.560000
52.984300               -452.200000                 -443.200000
53.408100               -456.430000                 -484.750000
53.831800               -460.690000                 -531.970000
54.255600               -464.870000                 -584.910000
54.679300               -469.060000                 -645.270000
55.103100               -473.390000                 -714.430000
55.526800               -477.670000                 -791.010000
55.950600               -481.840000                 -873.540000
56.374300               -486.110000                 -963.780000
56.798100               -490.250000                 -1061.100000
57.221800               -494.510000                 -1164.600000
57.645600               -498.780000                 -1274.800000
58.069300               -502.990000                 -1392.200000
58.493100               -507.150000                 -1515.000000
58.916900               -511.430000                 -1644.700000
59.340600               -515.740000                 -1779.200000
59.764400               -519.860000                 -1917.600000
60.188100               -524.150000                 -2062.800000
60.611900               -528.290000                 -2211.500000
61.035600               -532.540000                 -2366.900000
61.459400               -536.730000                 -2527.400000
61.883100               -541.060000                 -2692.800000
62.306900               -545.160000                 -2863.300000
62.730600               -549.390000                 -3039.500000
63.154400               -553.700000                 -3221.300000
63.578100               -557.980000                 -3408.500000
64.001900               -562.240000                 -3597.300000
64.425600               -566.440000                 -3790.000000
64.849400               -570.600000                 -3989.800000
65.273100               -574.860000                 -4195.400000
65.696900               -579.130000                 -4405.900000
66.120600               -583.370000                 -4617.000000
66.544400               -587.620000                 -4840.900000
66.968100               -591.820000                 -5064.700000
67.391900               -596.080000                 -5296.200000
67.815600               -600.250000                 -5523.000000
68.239400               -604.490000                 -5759.600000
68.663100               -608.750000                 -6000.900000
69.086900               -612.980000                 -6253.900000
69.510600               -617.200000                 -6500.600000
69.934400               -621.440000                 -6747.400000
70.358100               -625.590000                 -7008.400000
70.781900               -629.930000                 -7269.800000
71.205600               -634.260000                 -7533.500000
71.629400               -638.430000                 -7792.500000
72.053100               -642.590000                 -8048.600000
72.476900               -646.810000                 -8338.500000
72.900600               -651.130000                 -8615.400000
73.324400               -655.320000                 -8885.300000
73.748200               -659.590000                 -9151.100000
74.171900               -663.780000                 -9426.000000
74.595700               -667.910000                 -9721.000000
75.019400               -672.230000                 -10017.000000
75.443200               -676.510000                 -10325.000000
75.866900               -680.680000                 -10631.000000
76.290700               -684.880000                 -10943.000000
76.714400               -689.170000                 -11236.000000
77.138200               -693.440000                 -11531.000000
77.561900               -697.590000                 -11832.000000
77.985700               -701.800000                 -12149.000000
78.409400               -706.110000                 -12450.000000
78.833200               -710.410000                 -12740.000000
79.256900               -714.570000                 -13081.000000
79.680700               -718.780000                 -13404.000000
80.104400               -723.040000                 -13739.000000
80.528200               -727.310000                 -14055.000000
80.951900               -731.580000                 -14370.000000
81.375700               -735.750000                 -14668.000000
81.799400               -739.910000                 -14980.000000
82.223200               -744.150000                 -15262.000000
82.646900               -748.430000                 -15568.000000
83.070700               -752.720000                 -15915.000000
83.494400               -756.880000                 -16310.000000
83.918200               -761.160000                 -16613.000000
84.341900               -765.380000                 -16920.000000
84.765700               -769.580000                 -17254.000000
85.189400               -773.800000                 -17577.000000
85.613200               -778.090000                 -17869.000000
86.044600               -786.970000                 -18720.000000
86.468400               -791.180000                 -18998.000000
86.892100               -795.510000                 -19366.000000
87.315900               -799.640000                 -19662.000000
87.739600               -803.860000                 -19979.000000
88.163400               -808.120000                 -20304.000000
88.587200               -812.380000                 -20590.000000
89.010900               -816.490000                 -20901.000000
89.434700               -820.780000                 -21416.000000
89.858400               -824.960000                 -21816.000000
90.282200               -829.250000                 -22102.000000
90.705900               -833.430000                 -22391.000000
91.129700               -837.630000                 -22704.000000
91.553400               -841.790000                 -23107.000000
91.977200               -846.130000                 -23464.000000
92.400900               -850.380000                 -23824.000000
92.824700               -854.650000                 -24191.000000
93.248400               -858.770000                 -24536.000000
93.672200               -863.140000                 -24816.000000
94.095900               -867.430000                 -25156.000000
94.519700               -871.620000                 -25507.000000
94.943400               -875.780000                 -25851.000000
95.367200               -880.050000                 -26178.000000
95.790900               -884.380000                 -26499.000000
96.214700               -888.520000                 -26837.000000
96.638400               -892.740000                 -27288.000000
97.062200               -897.050000                 -27720.000000
97.485900               -901.240000                 -28021.000000
97.909700               -905.480000                 -28323.000000
98.333400               -909.670000                 -28692.000000
98.757200               -913.830000                 -29117.000000
99.180900               -918.030000                 -29400.000000
99.604700               -922.450000                 -29680.000000
100.028400               -926.620000                 -30107.000000
100.452200               -930.850000                 -30487.000000
100.875900               -935.060000                 -30816.000000
101.299700               -939.430000                 -31058.000000
101.723400               -943.720000                 -31428.000000
102.147200               -947.930000                 -31797.000000
102.571000               -952.160000                 -32182.000000
102.994700               -956.300000                 -32508.000000
103.418500               -960.570000                 -32733.000000
103.842200               -964.720000                 -33112.000000
104.266000               -968.970000                 -33379.000000
104.689700               -973.190000                 -33862.000000
105.113500               -977.260000                 -34252.000000
105.537200               -981.630000                 -34596.000000
105.961000               -985.900000                 -34952.000000
106.384700               -990.110000                 -35356.000000
106.808500               -994.300000                 -35729.000000
107.232200               -998.460000                 -36044.000000
107.656000               -1002.700000                 -36418.000000
108.079700               -1007.000000                 -36896.000000
108.503500               -1011.200000                 -37173.000000
108.927200               -1015.500000                 -37506.000000
109.351000               -1019.800000                 -37963.000000
109.774700               -1024.000000                 -38253.000000
110.198500               -1028.200000                 -38716.000000
110.622200               -1032.400000                 -38964.000000
111.046000               -1036.600000                 -39318.000000
111.469700               -1040.900000                 -39701.000000
111.893500               -1045.200000                 -39924.000000
112.317200               -1049.300000                 -40429.000000
112.741000               -1053.500000                 -40822.000000
113.164700               -1057.800000                 -41238.000000
113.588500               -1062.000000                 -41556.000000
114.012200               -1066.300000                 -41914.000000
114.436000               -1070.500000                 -42352.000000
114.859700               -1074.700000                 -42531.000000
115.283500               -1078.900000                 -43080.000000
115.707200               -1083.200000                 -43370.000000
116.131000               -1087.500000                 -43734.000000
116.554700               -1091.600000                 -44131.000000
116.978500               -1096.000000                 -44377.000000
117.402300               -1100.200000                 -44811.000000
117.826000               -1104.400000                 -45051.000000
118.249800               -1108.700000                 -45399.000000
118.673500               -1113.000000                 -45562.000000
119.097300               -1117.200000                 -46059.000000
119.521000               -1121.300000                 -46359.000000
119.944800               -1125.500000                 -46766.000000
120.368500               -1129.700000                 -47050.000000
120.792300               -1134.000000                 -47470.000000
121.216000               -1138.300000                 -47881.000000
121.639800               -1142.500000                 -48134.000000
122.063500               -1146.800000                 -48424.000000
122.487300               -1151.000000                 -48823.000000
122.911000               -1155.200000                 -49357.000000
123.334800               -1159.400000                 -49774.000000
123.758500               -1163.700000                 -50092.000000
124.182300               -1167.900000                 -50313.000000
124.606000               -1172.200000                 -50580.000000
125.029800               -1176.500000                 -50803.000000
125.453500               -1180.700000                 -51203.000000
125.877300               -1184.800000                 -51555.000000
126.301000               -1189.100000                 -51751.000000
126.724800               -1193.300000                 -52198.000000
127.148500               -1197.500000                 -52634.000000
127.572300               -1201.800000                 -53065.000000
127.996000               -1206.100000                 -53422.000000
128.419800               -1210.300000                 -53937.000000
128.843500               -1214.600000                 -54227.000000
129.267300               -1218.700000                 -54511.000000
129.691000               -1223.000000                 -54830.000000
130.114800               -1227.300000                 -55259.000000
130.538500               -1231.600000                 -55562.000000
130.962300               -1235.800000                 -55833.000000
131.386000               -1239.900000                 -56151.000000
131.809800               -1244.200000                 -56978.000000
132.233600               -1248.500000                 -57151.000000
132.657300               -1252.800000                 -57466.000000
133.081100               -1257.000000                 -57995.000000
133.504800               -1261.300000                 -58251.000000
133.928600               -1265.500000                 -58476.000000
134.352300               -1269.700000                 -58794.000000
134.776100               -1274.000000                 -59195.000000
135.199800               -1278.200000                 -59513.000000
135.623600               -1282.400000                 -59886.000000
136.047300               -1286.600000                 -60221.000000
136.471100               -1290.800000                 -60412.000000
136.894800               -1295.200000                 -60846.000000
137.318600               -1299.300000                 -61122.000000
137.742300               -1303.600000                 -61688.000000
138.166100               -1307.800000                 -61995.000000
138.589800               -1312.100000                 -62232.000000
139.013600               -1316.200000                 -62697.000000
139.437300               -1320.500000                 -62950.000000
139.861100               -1324.800000                 -63220.000000
140.284800               -1329.000000                 -63666.000000
140.708600               -1333.200000                 -64144.000000
141.132300               -1337.500000                 -64268.000000
141.556100               -1341.800000                 -64586.000000
141.979800               -1345.900000                 -64904.000000
142.403600               -1350.100000                 -65057.000000
142.827300               -1354.400000                 -65522.000000
143.251100               -1358.600000                 -65746.000000
143.674800               -1362.800000                 -66010.000000
144.098600               -1367.000000                 -66526.000000
144.522300               -1371.200000                 -67187.000000
144.946100               -1375.500000                 -67377.000000
145.369800               -1379.700000                 -67741.000000
145.793600               -1383.900000                 -67876.000000
146.217300               -1388.200000                 -68700.000000
146.641100               -1392.400000                 -68956.000000
147.064900               -1396.500000                 -69425.000000
147.488600               -1400.700000                 -69670.000000
147.912400               -1405.000000                 -69939.000000
148.336100               -1409.400000                 -70193.000000
148.759900               -1413.700000                 -70551.000000
149.183600               -1417.900000                 -70921.000000
