

Цикл № 1
Шаг  № 1
Точек  352
Линейная потенцио. развертка , ЭДС 89,474мВ, Скорость развертки 9,997 мВ/с.
Время, с.              Потенциал, мВ            Ток, мкА
0.423800               87.285000                 -17.277000
0.847500               82.977000                 -26.236000
1.271300               78.827000                 -31.069000
1.695000               74.582000                 -34.940000
2.118800               70.207000                 -37.940000
2.542500               65.985000                 -40.318000
2.966300               61.776000                 -41.539000
3.390000               57.504000                 -41.890000
3.813800               53.371000                 -41.797000
4.237500               49.113000                 -41.960000
4.661300               44.922000                 -42.600000
5.085000               40.651000                 -43.134000
5.508800               36.374000                 -43.445000
5.932500               32.156000                 -43.656000
6.356300               27.974000                 -43.834000
6.780000               23.676000                 -44.277000
7.203800               19.480000                 -44.608000
7.627500               15.168000                 -44.991000
8.051300               10.982000                 -44.969000
8.475000               6.777300                 -45.207000
8.898800               2.532500                 -45.520000
9.322500               -1.654000                 -47.008000
9.746300               -5.992900                 -47.258000
10.170000               -10.171000                 -47.248000
10.593800               -14.447000                 -47.830000
11.017500               -18.638000                 -48.532000
11.441300               -22.864000                 -49.712000
11.865000               -27.069000                 -51.192000
12.288800               -31.291000                 -52.914000
12.712500               -35.527000                 -54.745000
13.136300               -39.714000                 -56.600000
13.560000               -43.914000                 -58.464000
13.983800               -48.217000                 -59.952000
14.407500               -52.435000                 -60.613000
14.831300               -56.688000                 -61.020000
15.255100               -60.848000                 -61.706000
15.678800               -65.133000                 -62.747000
16.102600               -69.293000                 -64.047000
16.526300               -73.488000                 -65.691000
16.950100               -77.706000                 -67.461000
17.373800               -81.937000                 -69.469000
17.797600               -86.299000                 -71.434000
18.221300               -90.597000                 -73.387000
18.645100               -94.748000                 -75.614000
19.068800               -98.957000                 -77.696000
19.492600               -103.210000                 -79.862000
19.916300               -107.400000                 -81.861000
20.340100               -111.650000                 -83.432000
20.763800               -115.800000                 -85.089000
21.187600               -120.020000                 -86.685000
21.611300               -124.270000                 -88.486000
22.035100               -128.500000                 -90.386000
22.458800               -132.800000                 -92.382000
22.882600               -136.960000                 -94.649000
23.306300               -141.150000                 -96.927000
23.730100               -145.400000                 -99.175000
24.153800               -149.720000                 -101.310000
24.577600               -153.880000                 -103.330000
25.001300               -158.140000                 -105.420000
25.425100               -162.410000                 -107.890000
25.848800               -166.680000                 -110.450000
26.272600               -170.910000                 -112.950000
26.696300               -175.080000                 -115.530000
27.120100               -179.310000                 -118.050000
27.543800               -183.570000                 -120.490000
27.967600               -187.760000                 -123.040000
28.391300               -192.000000                 -125.630000
28.815100               -196.220000                 -128.330000
29.238800               -200.390000                 -131.260000
29.662600               -204.730000                 -133.980000
30.086400               -208.850000                 -136.800000
30.510100               -213.170000                 -139.310000
30.933900               -217.340000                 -141.590000
31.357600               -221.550000                 -143.890000
31.781400               -225.790000                 -146.150000
32.205100               -230.120000                 -148.390000
32.628900               -234.260000                 -150.450000
33.052600               -238.550000                 -152.230000
33.476400               -242.850000                 -153.740000
33.900100               -247.070000                 -155.080000
34.323900               -251.210000                 -156.430000
34.747600               -255.520000                 -157.760000
35.171400               -259.750000                 -159.150000
35.595100               -263.910000                 -160.330000
36.018900               -268.180000                 -161.310000
36.442600               -272.440000                 -162.000000
36.866400               -276.640000                 -162.630000
37.290100               -280.870000                 -163.220000
37.713900               -285.110000                 -163.900000
38.137600               -289.310000                 -164.690000
38.561400               -293.630000                 -165.370000
38.985100               -297.820000                 -165.710000
39.408900               -302.070000                 -165.800000
39.832600               -306.320000                 -166.000000
40.256400               -310.480000                 -166.290000
40.680100               -314.700000                 -166.880000
41.103900               -318.990000                 -167.120000
41.527600               -323.220000                 -168.020000
41.951400               -327.540000                 -168.470000
42.375100               -331.690000                 -169.190000
42.798900               -335.880000                 -170.000000
43.222600               -340.190000                 -171.100000
43.646400               -344.350000                 -172.770000
44.070200               -348.650000                 -174.770000
44.493900               -352.800000                 -177.230000
44.925400               -360.880000                 -183.430000
45.349100               -365.070000                 -187.540000
45.772900               -369.310000                 -192.090000
46.196600               -373.540000                 -196.780000
46.620400               -377.770000                 -200.930000
47.044100               -381.990000                 -204.320000
47.467900               -386.150000                 -207.020000
47.891600               -390.430000                 -209.580000
48.315400               -394.690000                 -212.530000
48.739100               -398.960000                 -217.000000
49.162900               -403.160000                 -223.410000
49.586600               -407.380000                 -232.230000
50.010400               -411.650000                 -244.060000
50.434100               -415.810000                 -258.950000
50.857900               -420.010000                 -277.900000
51.281600               -424.370000                 -300.670000
51.705400               -428.460000                 -327.760000
52.129100               -432.710000                 -359.540000
52.552900               -437.020000                 -396.420000
52.976600               -441.160000                 -439.020000
53.400400               -445.490000                 -487.640000
53.824100               -449.670000                 -542.620000
54.247900               -453.860000                 -604.330000
54.671600               -458.140000                 -671.970000
55.095400               -462.370000                 -746.180000
55.519100               -466.560000                 -826.320000
55.942900               -470.800000                 -912.690000
56.366600               -475.150000                 -1004.400000
56.790400               -479.330000                 -1101.600000
57.214100               -483.510000                 -1204.400000
57.637900               -487.760000                 -1312.000000
58.061600               -491.960000                 -1424.800000
58.485400               -496.230000                 -1542.000000
58.909200               -500.450000                 -1663.800000
59.340600               -505.730000                 -1823.200000
59.764400               -509.920000                 -1954.900000
60.188100               -514.100000                 -2091.400000
60.611900               -518.470000                 -2233.600000
61.035600               -522.600000                 -2380.500000
61.459400               -526.870000                 -2530.100000
61.883100               -531.100000                 -2682.800000
62.306900               -535.340000                 -2840.000000
62.730600               -539.510000                 -3007.800000
63.154400               -543.700000                 -3178.700000
63.578100               -548.080000                 -3350.700000
64.001900               -552.290000                 -3529.100000
64.425600               -556.570000                 -3711.900000
64.849400               -560.720000                 -3897.300000
65.273100               -564.910000                 -4089.700000
65.696900               -569.200000                 -4284.100000
66.120600               -573.500000                 -4481.500000
66.544400               -577.690000                 -4692.600000
66.968100               -581.900000                 -4902.500000
67.391900               -586.030000                 -5124.900000
67.815600               -590.390000                 -5341.900000
68.239400               -594.560000                 -5554.300000
68.663100               -598.870000                 -5797.000000
69.086900               -603.030000                 -6047.700000
69.510600               -607.280000                 -6276.800000
69.934400               -611.530000                 -6509.200000
70.358100               -615.780000                 -6735.200000
70.781900               -619.950000                 -6967.100000
71.205600               -624.130000                 -7200.500000
71.629400               -628.530000                 -7434.500000
72.053100               -632.820000                 -7678.500000
72.476900               -637.030000                 -7917.900000
72.900600               -641.200000                 -8162.500000
73.324400               -645.400000                 -8410.900000
73.748200               -649.700000                 -8679.600000
74.171900               -653.870000                 -8942.200000
74.595700               -658.150000                 -9194.700000
75.019400               -662.320000                 -9462.200000
75.443200               -666.590000                 -9722.400000
75.866900               -670.790000                 -10018.000000
76.290700               -675.070000                 -10293.000000
76.714400               -679.210000                 -10606.000000
77.138200               -683.470000                 -10893.000000
77.561900               -687.690000                 -11177.000000
77.985700               -691.820000                 -11473.000000
78.409400               -696.170000                 -11747.000000
78.833200               -700.410000                 -12026.000000
79.256900               -704.650000                 -12298.000000
79.680700               -708.880000                 -12561.000000
80.104400               -713.160000                 -12885.000000
80.528200               -717.370000                 -13204.000000
80.951900               -721.640000                 -13576.000000
81.375700               -725.800000                 -13853.000000
81.799400               -730.080000                 -14146.000000
82.223200               -734.250000                 -14446.000000
82.646900               -738.480000                 -14752.000000
83.070700               -742.660000                 -15071.000000
83.494400               -747.010000                 -15363.000000
83.918200               -751.170000                 -15663.000000
84.341900               -755.480000                 -15978.000000
84.765700               -759.630000                 -16339.000000
85.189400               -763.900000                 -16655.000000
85.613200               -768.150000                 -16974.000000
86.036900               -772.350000                 -17298.000000
86.460700               -776.630000                 -17599.000000
86.884400               -780.800000                 -17919.000000
87.315900               -789.760000                 -18519.000000
87.739600               -794.000000                 -18801.000000
88.163400               -798.260000                 -19097.000000
88.587200               -802.460000                 -19437.000000
89.010900               -806.660000                 -19792.000000
89.434700               -810.930000                 -20165.000000
89.858400               -815.120000                 -20567.000000
90.282200               -819.270000                 -20890.000000
90.705900               -823.520000                 -21188.000000
91.129700               -827.780000                 -21527.000000
91.553400               -831.970000                 -21844.000000
91.977200               -836.160000                 -22185.000000
92.400900               -840.470000                 -22467.000000
92.824700               -844.750000                 -22779.000000
93.248400               -848.980000                 -23052.000000
93.672200               -853.060000                 -23395.000000
94.095900               -857.350000                 -23801.000000
94.519700               -861.590000                 -24131.000000
94.943400               -865.900000                 -24435.000000
95.367200               -870.190000                 -24798.000000
95.790900               -874.430000                 -25195.000000
96.214700               -878.560000                 -25590.000000
96.638400               -882.910000                 -25938.000000
97.062200               -887.100000                 -26221.000000
97.485900               -891.260000                 -26540.000000
97.909700               -895.520000                 -26968.000000
98.333400               -899.820000                 -27337.000000
98.757200               -904.030000                 -27645.000000
99.180900               -908.300000                 -27949.000000
99.604700               -912.400000                 -28252.000000
100.028400               -916.660000                 -28548.000000
100.452200               -920.940000                 -28874.000000
100.875900               -925.110000                 -29260.000000
101.299700               -929.380000                 -29729.000000
101.723400               -933.610000                 -30080.000000
102.147200               -937.930000                 -30414.000000
102.571000               -942.220000                 -30732.000000
102.994700               -946.440000                 -31018.000000
103.418500               -950.620000                 -31327.000000
103.842200               -954.860000                 -31647.000000
104.266000               -959.030000                 -32047.000000
104.689700               -963.330000                 -32378.000000
105.113500               -967.570000                 -32688.000000
105.537200               -971.760000                 -32984.000000
105.961000               -975.810000                 -33362.000000
106.384700               -980.200000                 -33726.000000
106.808500               -984.390000                 -34074.000000
107.232200               -988.660000                 -34393.000000
107.656000               -992.890000                 -34663.000000
108.079700               -997.090000                 -34957.000000
108.503500               -1001.300000                 -35457.000000
108.927200               -1005.600000                 -35834.000000
109.351000               -1009.800000                 -36368.000000
109.774700               -1014.000000                 -36728.000000
110.198500               -1018.200000                 -37039.000000
110.622200               -1022.500000                 -37351.000000
111.046000               -1026.800000                 -37655.000000
111.469700               -1031.000000                 -38025.000000
111.893500               -1035.100000                 -38343.000000
112.317200               -1039.500000                 -38761.000000
112.741000               -1043.600000                 -39170.000000
113.164700               -1047.900000                 -39544.000000
113.588500               -1052.200000                 -39850.000000
114.012200               -1056.300000                 -40120.000000
114.436000               -1060.500000                 -40401.000000
114.859700               -1064.800000                 -40740.000000
115.283500               -1069.000000                 -41140.000000
115.707200               -1073.200000                 -41423.000000
116.131000               -1077.400000                 -41688.000000
116.554700               -1081.800000                 -42247.000000
116.978500               -1085.900000                 -42626.000000
117.402300               -1090.200000                 -43078.000000
117.826000               -1094.500000                 -43386.000000
118.249800               -1098.700000                 -43629.000000
118.673500               -1103.100000                 -43893.000000
119.097300               -1107.200000                 -44198.000000
119.521000               -1111.400000                 -44676.000000
119.944800               -1115.700000                 -45032.000000
120.368500               -1119.900000                 -45292.000000
120.792300               -1124.100000                 -45561.000000
121.216000               -1128.300000                 -45873.000000
121.639800               -1132.700000                 -46327.000000
122.063500               -1136.800000                 -46626.000000
122.487300               -1141.000000                 -47027.000000
122.911000               -1145.400000                 -47279.000000
123.334800               -1149.600000                 -47558.000000
123.758500               -1153.800000                 -48029.000000
124.182300               -1157.900000                 -48433.000000
124.606000               -1162.200000                 -48764.000000
125.029800               -1166.400000                 -49014.000000
125.453500               -1170.700000                 -49419.000000
125.877300               -1175.100000                 -49875.000000
126.301000               -1179.300000                 -50271.000000
126.724800               -1183.500000                 -50595.000000
127.148500               -1187.700000                 -50862.000000
127.572300               -1192.000000                 -51254.000000
127.996000               -1196.200000                 -51540.000000
128.419800               -1200.400000                 -51779.000000
128.843500               -1204.600000                 -52015.000000
129.267300               -1208.800000                 -52341.000000
129.691000               -1213.200000                 -52835.000000
130.114800               -1217.300000                 -53201.000000
130.538500               -1221.500000                 -53677.000000
130.962300               -1225.700000                 -54180.000000
131.386000               -1230.100000                 -54613.000000
131.809800               -1234.400000                 -54979.000000
132.233600               -1238.500000                 -55351.000000
132.657300               -1242.800000                 -55532.000000
133.081100               -1247.100000                 -55939.000000
133.504800               -1251.400000                 -56158.000000
133.928600               -1255.600000                 -56524.000000
134.352300               -1259.800000                 -56937.000000
134.776100               -1264.000000                 -57261.000000
135.199800               -1268.300000                 -57553.000000
135.623600               -1272.500000                 -57890.000000
136.047300               -1276.700000                 -58195.000000
136.471100               -1281.000000                 -58501.000000
136.894800               -1285.200000                 -58842.000000
137.318600               -1289.400000                 -59044.000000
137.742300               -1293.700000                 -59352.000000
138.166100               -1297.900000                 -59708.000000
138.589800               -1302.200000                 -60353.000000
139.013600               -1306.300000                 -60792.000000
139.437300               -1310.600000                 -61206.000000
139.861100               -1314.800000                 -61420.000000
140.284800               -1319.000000                 -61723.000000
140.708600               -1323.200000                 -61947.000000
141.132300               -1327.600000                 -62408.000000
141.556100               -1331.900000                 -62706.000000
141.979800               -1336.000000                 -63083.000000
142.403600               -1340.300000                 -63445.000000
142.827300               -1344.500000                 -63729.000000
143.251100               -1348.700000                 -64074.000000
143.674800               -1353.000000                 -64514.000000
144.098600               -1357.200000                 -64831.000000
144.522300               -1361.400000                 -65095.000000
144.946100               -1365.700000                 -65537.000000
145.369800               -1369.800000                 -65952.000000
145.793600               -1374.100000                 -66161.000000
146.217300               -1378.300000                 -66570.000000
146.641100               -1382.500000                 -66871.000000
147.064900               -1386.700000                 -67242.000000
147.488600               -1391.000000                 -67558.000000
147.912400               -1395.200000                 -67827.000000
148.336100               -1399.400000                 -68171.000000
148.759900               -1403.500000                 -68721.000000
149.183600               -1407.800000                 -69089.000000
