

Цикл № 1
Шаг  № 1
Точек  1502
Потенциостатический стационарный режим 200мВ
Время, с.              Потенциал, мВ            Ток, мкА
0.289600               199.800000                 7180.200000
0.563800               199.960000                 6892.200000
0.838000               199.890000                 6630.800000
1.112200               199.790000                 6396.300000
1.386400               199.850000                 6184.800000
1.660600               199.870000                 5993.500000
1.934700               199.930000                 5820.800000
2.208900               199.940000                 5662.800000
2.483100               199.960000                 5517.100000
2.757300               199.960000                 5383.300000
3.031500               199.890000                 5259.800000
3.305700               199.940000                 5144.700000
3.579900               199.920000                 5036.800000
3.854100               199.890000                 4936.600000
4.128300               199.820000                 4842.300000
4.402500               199.820000                 4752.500000
4.676700               199.850000                 4669.800000
4.950900               199.790000                 4590.800000
5.225100               199.890000                 4515.500000
5.499200               199.820000                 4444.500000
5.773400               199.840000                 4377.800000
6.047600               200.010000                 4313.800000
6.321800               199.820000                 4251.700000
6.596000               199.950000                 4194.800000
6.870200               200.000000                 4139.100000
7.144400               199.940000                 4085.000000
7.418600               199.870000                 4034.700000
7.692800               199.790000                 3986.300000
7.967000               199.940000                 3939.500000
8.241200               199.940000                 3894.400000
8.515400               199.840000                 3851.900000
8.789500               199.940000                 3810.500000
9.063700               199.870000                 3769.800000
9.337900               199.970000                 3732.500000
9.612100               199.840000                 3695.900000
9.886300               200.030000                 3660.200000
10.160500               199.870000                 3625.800000
10.434700               199.890000                 3593.500000
10.708900               199.850000                 3561.300000
10.983100               199.890000                 3530.100000
11.257300               199.910000                 3500.900000
11.531500               199.920000                 3472.900000
11.805700               199.940000                 3444.900000
12.079900               200.010000                 3419.300000
12.354000               199.890000                 3394.200000
12.628200               199.880000                 3369.400000
12.902400               199.890000                 3345.100000
13.176600               199.990000                 3323.100000
13.450800               199.970000                 3301.200000
13.725000               199.920000                 3279.200000
13.999200               199.820000                 3258.100000
14.273400               199.800000                 3238.600000
14.547600               199.780000                 3219.000000
14.821800               199.760000                 3199.500000
15.096000               199.830000                 3182.200000
15.370200               199.840000                 3164.900000
15.644400               199.800000                 3146.900000
15.918500               199.850000                 3131.000000
16.192700               199.850000                 3115.500000
16.466900               199.750000                 3099.100000
16.741100               199.890000                 3084.400000
17.015300               199.870000                 3070.000000
17.289500               199.800000                 3055.100000
17.563700               199.820000                 3040.400000
17.837900               199.970000                 3027.900000
18.112100               199.840000                 3013.600000
18.386300               199.980000                 3000.500000
18.660500               200.000000                 2988.300000
18.934700               199.910000                 2975.500000
19.208800               199.840000                 2963.000000
19.483000               199.870000                 2951.300000
19.757200               199.920000                 2940.100000
20.031400               199.890000                 2928.200000
20.305600               199.870000                 2916.900000
20.579800               199.880000                 2906.800000
20.854000               199.940000                 2896.200000
21.128200               199.930000                 2885.400000
21.402400               199.870000                 2874.800000
21.676600               199.910000                 2865.600000
21.950800               199.920000                 2855.300000
22.225000               199.860000                 2845.500000
22.499200               199.760000                 2836.500000
22.773300               199.890000                 2827.400000
23.047500               199.890000                 2818.000000
23.321700               199.740000                 2809.800000
23.595900               199.920000                 2801.300000
23.870100               199.940000                 2792.000000
24.144300               199.870000                 2784.300000
24.418500               199.870000                 2776.600000
24.692700               199.940000                 2768.300000
24.966900               199.780000                 2759.900000
25.241100               199.910000                 2753.000000
25.515300               199.860000                 2745.000000
25.789500               199.920000                 2737.400000
26.063700               199.940000                 2730.400000
26.337800               199.860000                 2723.000000
26.612000               199.870000                 2715.300000
26.886200               199.910000                 2708.700000
27.160400               199.840000                 2702.200000
27.434600               199.910000                 2695.300000
27.708800               199.820000                 2688.000000
27.983000               199.940000                 2682.200000
28.257200               199.910000                 2675.600000
28.531400               199.960000                 2668.500000
28.805600               199.980000                 2662.700000
29.079800               199.930000                 2656.500000
29.354000               199.910000                 2650.000000
29.628100               199.900000                 2643.300000
29.902300               199.940000                 2638.100000
30.176500               199.900000                 2631.700000
30.450700               199.870000                 2625.200000
30.724900               199.890000                 2619.400000
30.999100               199.820000                 2614.100000
31.273300               199.870000                 2607.600000
31.547500               199.960000                 2601.600000
31.821700               199.840000                 2596.700000
32.095900               199.910000                 2591.100000
32.370100               199.920000                 2584.900000
32.644300               199.890000                 2579.800000
32.918500               199.830000                 2574.300000
33.192600               199.950000                 2568.400000
33.466800               199.920000                 2562.600000
33.741000               199.910000                 2557.700000
34.015200               199.970000                 2552.400000
34.289400               199.840000                 2546.200000
34.563600               199.960000                 2541.700000
34.837800               199.930000                 2536.300000
35.112000               199.870000                 2530.000000
35.386200               199.890000                 2524.900000
35.660400               199.960000                 2520.500000
35.934600               199.920000                 2514.500000
36.208800               199.820000                 2509.000000
36.483000               199.910000                 2504.300000
36.757100               199.820000                 2499.000000
37.031300               199.980000                 2493.400000
37.305500               199.970000                 2487.800000
37.579700               199.840000                 2482.700000
37.853900               199.940000                 2477.700000
38.128100               199.870000                 2472.000000
38.402300               199.960000                 2467.900000
38.676500               199.820000                 2462.500000
38.950700               199.880000                 2457.100000
39.224900               199.960000                 2452.500000
39.499100               199.820000                 2447.800000
39.773300               199.870000                 2442.700000
40.047400               199.870000                 2437.800000
40.321600               199.860000                 2433.600000
40.595800               199.850000                 2428.600000
40.870000               199.830000                 2423.400000
41.144200               199.890000                 2419.400000
41.418400               199.720000                 2414.300000
41.692600               199.750000                 2409.100000
41.966800               199.860000                 2405.200000
42.241000               199.840000                 2400.900000
42.515200               199.890000                 2395.900000
42.789400               199.850000                 2391.200000
43.063600               199.840000                 2387.100000
43.337800               199.840000                 2382.100000
43.611900               199.870000                 2377.700000
43.886100               199.770000                 2374.400000
44.160300               199.810000                 2370.900000
44.434500               199.940000                 2366.200000
44.708700               199.880000                 2361.600000
44.982900               199.930000                 2357.300000
45.257100               199.850000                 2351.900000
45.531300               199.820000                 2347.800000
45.805500               199.890000                 2343.800000
46.079700               199.940000                 2338.900000
46.353900               199.850000                 2333.900000
46.628100               199.820000                 2330.000000
46.902300               199.870000                 2325.800000
47.176400               199.820000                 2320.600000
47.450600               199.910000                 2317.000000
47.724800               199.990000                 2313.100000
47.999000               199.900000                 2307.800000
48.273200               199.770000                 2303.500000
48.547400               199.930000                 2300.100000
48.821600               199.820000                 2295.100000
49.095800               199.940000                 2291.100000
49.370000               199.900000                 2287.400000
49.644200               199.870000                 2283.600000
49.918400               199.890000                 2278.500000
50.192600               199.870000                 2274.600000
50.466700               199.900000                 2270.900000
50.740900               199.910000                 2266.300000
51.015100               199.930000                 2262.400000
51.289300               199.920000                 2259.000000
51.563500               199.840000                 2254.600000
51.837700               199.850000                 2250.000000
52.111900               199.870000                 2246.600000
52.386100               199.910000                 2243.000000
52.660300               199.910000                 2238.500000
52.934500               199.820000                 2234.500000
53.208700               199.780000                 2231.000000
53.482900               199.890000                 2226.900000
53.757100               199.750000                 2222.400000
54.031200               199.800000                 2219.200000
54.305400               199.900000                 2215.500000
54.579600               199.870000                 2211.100000
54.853800               199.800000                 2207.700000
55.128000               199.940000                 2204.200000
55.402200               199.860000                 2200.100000
55.676400               199.890000                 2196.300000
55.950600               199.950000                 2193.000000
56.224800               199.940000                 2188.900000
56.499000               199.830000                 2184.400000
56.773200               199.850000                 2181.300000
57.047400               199.870000                 2177.200000
57.321600               199.810000                 2172.900000
57.595700               199.820000                 2169.400000
57.869900               199.840000                 2166.500000
58.144100               199.970000                 2162.600000
58.418300               199.860000                 2158.300000
58.692500               200.000000                 2155.400000
58.966700               199.950000                 2151.800000
59.240900               199.840000                 2146.900000
59.515100               199.790000                 2143.800000
59.789300               199.860000                 2140.700000
60.063500               199.940000                 2137.100000
60.337700               199.920000                 2132.800000
60.611900               199.870000                 2129.800000
60.886000               199.940000                 2126.100000
61.160200               199.820000                 2121.900000
61.434400               199.920000                 2118.700000
61.708600               199.850000                 2115.500000
61.982800               199.890000                 2111.200000
62.257000               199.890000                 2108.100000
62.531200               199.770000                 2105.100000
62.805400               199.910000                 2101.300000
63.079600               199.990000                 2097.900000
63.353800               199.910000                 2094.800000
63.628000               199.950000                 2091.800000
63.902200               199.910000                 2087.800000
64.176400               199.930000                 2084.600000
64.450500               199.890000                 2081.300000
64.724700               199.870000                 2077.800000
64.998900               199.910000                 2073.900000
65.273100               199.880000                 2070.700000
65.547300               199.950000                 2067.800000
65.821500               199.910000                 2063.800000
66.095700               199.850000                 2060.200000
66.369900               199.900000                 2057.600000
66.644100               199.960000                 2053.900000
66.918300               199.900000                 2050.400000
67.192500               199.880000                 2047.000000
67.466700               199.880000                 2044.000000
67.740900               199.880000                 2040.400000
68.015000               199.830000                 2036.700000
68.289200               199.790000                 2033.900000
68.563400               199.880000                 2031.200000
68.837600               199.890000                 2027.000000
69.111800               199.780000                 2023.900000
69.386000               199.760000                 2021.000000
69.660200               199.840000                 2017.300000
69.934400               199.730000                 2013.600000
70.208600               199.810000                 2011.100000
70.482800               199.870000                 2008.100000
70.757000               199.780000                 2004.300000
71.031200               199.850000                 2001.200000
71.305300               199.870000                 1998.600000
71.579500               199.920000                 1995.100000
71.853700               199.840000                 1991.600000
72.127900               199.870000                 1989.200000
72.402100               199.880000                 1986.000000
72.676300               199.880000                 1982.400000
72.950500               199.890000                 1979.600000
73.224700               199.930000                 1976.800000
73.498900               199.880000                 1973.100000
73.773100               199.870000                 1970.200000
74.047300               199.940000                 1967.500000
74.321500               199.890000                 1964.200000
74.595700               199.950000                 1960.700000
74.869800               199.920000                 1958.000000
75.144000               199.940000                 1955.300000
75.418200               199.940000                 1951.700000
75.692400               199.870000                 1948.700000
75.966600               199.880000                 1946.100000
76.240800               199.830000                 1942.600000
76.515000               199.890000                 1939.300000
76.789200               199.820000                 1936.500000
77.063400               199.840000                 1934.100000
77.337600               199.880000                 1930.600000
77.611800               199.870000                 1927.800000
77.886000               199.940000                 1925.300000
78.160200               199.870000                 1921.800000
78.434300               199.870000                 1918.200000
78.708500               199.830000                 1915.800000
78.982700               199.930000                 1913.100000
79.256900               199.880000                 1909.400000
79.531100               199.880000                 1906.200000
79.805300               200.000000                 1904.300000
80.079500               199.920000                 1900.700000
80.353700               200.020000                 1897.500000
80.627900               200.050000                 1895.400000
80.902100               199.880000                 1892.000000
81.176300               199.910000                 1888.600000
81.450500               199.820000                 1885.600000
81.724600               199.830000                 1883.200000
81.998800               199.890000                 1880.100000
82.273000               199.910000                 1876.900000
82.547200               199.920000                 1874.200000
82.821400               199.900000                 1871.600000
83.095600               199.960000                 1868.200000
83.369800               199.980000                 1865.300000
83.644000               199.890000                 1862.700000
83.918200               199.900000                 1859.600000
84.192400               199.880000                 1856.000000
84.466600               199.940000                 1853.500000
84.740800               199.870000                 1850.700000
85.015000               199.910000                 1847.400000
85.289100               199.940000                 1844.400000
85.563300               199.900000                 1841.700000
85.837500               199.840000                 1838.200000
86.111700               199.900000                 1835.100000
86.385900               199.880000                 1832.400000
86.660100               199.890000                 1829.900000
86.934300               199.840000                 1826.500000
87.208500               199.860000                 1823.300000
87.482700               199.910000                 1820.900000
87.756900               199.910000                 1818.200000
88.031100               199.820000                 1814.300000
88.305300               199.930000                 1812.100000
88.579500               199.850000                 1809.400000
88.853600               199.840000                 1806.400000
89.127800               199.770000                 1803.300000
89.402000               199.880000                 1801.300000
89.676200               199.910000                 1798.000000
89.950400               199.800000                 1794.800000
90.224600               199.960000                 1792.700000
90.498800               199.780000                 1790.000000
90.773000               199.940000                 1787.200000
91.047200               199.850000                 1784.500000
91.321400               199.880000                 1782.100000
91.595600               199.890000                 1779.200000
91.869800               199.870000                 1776.300000
92.144000               199.920000                 1774.200000
92.418100               199.920000                 1771.700000
92.692300               199.870000                 1768.300000
92.966500               199.920000                 1766.000000
93.240700               199.930000                 1764.000000
93.514900               199.860000                 1760.900000
93.789100               199.890000                 1758.200000
94.063300               199.860000                 1756.000000
94.337500               199.780000                 1753.500000
94.611700               199.860000                 1750.300000
94.885900               199.910000                 1748.200000
95.160100               199.910000                 1746.000000
95.434300               199.830000                 1742.800000
95.708400               199.870000                 1740.200000
95.982600               199.910000                 1738.100000
96.256800               199.810000                 1735.200000
96.531000               199.950000                 1732.800000
96.805200               199.850000                 1730.600000
97.079400               199.780000                 1728.400000
97.353600               200.000000                 1725.900000
97.627800               199.840000                 1722.900000
97.902000               199.840000                 1721.200000
98.176200               199.870000                 1718.700000
98.450400               199.910000                 1716.200000
98.724600               199.940000                 1713.800000
98.998800               199.890000                 1711.800000
99.272900               199.860000                 1709.200000
99.547100               199.930000                 1706.700000
99.821300               199.910000                 1704.600000
100.095500               199.850000                 1702.400000
100.369700               199.810000                 1699.400000
100.643900               199.860000                 1697.400000
100.918100               199.840000                 1695.600000
101.192300               199.860000                 1693.000000
101.466500               199.930000                 1690.600000
101.740700               199.930000                 1688.700000
102.014900               199.940000                 1686.500000
102.289100               199.950000                 1683.900000
102.563300               199.930000                 1681.800000
102.837400               199.860000                 1679.600000
103.111600               199.820000                 1676.900000
103.385800               199.880000                 1674.200000
103.660000               199.850000                 1672.300000
103.934200               199.910000                 1670.400000
104.208400               199.890000                 1667.200000
104.482600               199.970000                 1665.400000
104.756800               199.820000                 1663.300000
105.031000               199.840000                 1660.700000
105.305200               199.890000                 1658.300000
105.579400               199.850000                 1656.000000
105.853600               199.880000                 1654.000000
106.127700               199.850000                 1651.000000
106.401900               199.930000                 1649.000000
106.676100               199.860000                 1647.000000
106.950300               199.940000                 1644.900000
107.224500               199.870000                 1641.900000
107.498700               199.840000                 1639.700000
107.772900               199.750000                 1637.500000
108.047100               199.820000                 1634.700000
108.321300               199.860000                 1632.400000
108.595500               199.780000                 1630.300000
108.869700               199.800000                 1627.900000
109.143900               199.820000                 1625.400000
109.418100               199.810000                 1623.400000
109.692200               199.810000                 1621.500000
109.966400               199.840000                 1618.600000
110.240600               199.800000                 1616.400000
110.514800               199.810000                 1614.600000
110.789000               199.780000                 1612.000000
111.063200               199.800000                 1609.700000
111.337400               199.780000                 1607.900000
111.611600               199.750000                 1605.400000
111.885800               199.750000                 1602.500000
112.160000               199.840000                 1601.100000
112.434200               199.760000                 1598.800000
112.708400               199.680000                 1595.800000
112.982600               199.770000                 1594.200000
113.256700               199.820000                 1592.300000
113.530900               199.770000                 1589.400000
113.805100               199.760000                 1587.400000
114.079300               199.750000                 1585.400000
114.353500               199.800000                 1583.300000
114.627700               199.800000                 1580.600000
114.901900               199.840000                 1579.000000
115.176100               199.770000                 1576.700000
115.450300               199.830000                 1574.300000
115.724500               199.800000                 1572.500000
115.998700               199.740000                 1570.400000
116.272900               199.750000                 1567.900000
116.547000               199.890000                 1566.500000
116.821200               199.750000                 1564.000000
117.095400               199.730000                 1561.500000
117.369600               199.820000                 1559.600000
117.643800               199.840000                 1558.000000
117.918000               199.870000                 1555.600000
118.192200               199.810000                 1553.300000
118.466400               199.820000                 1552.000000
118.740600               199.890000                 1549.700000
119.014800               199.870000                 1547.000000
119.289000               199.810000                 1545.400000
119.563200               199.900000                 1543.500000
119.837400               199.880000                 1541.100000
120.111500               199.900000                 1539.200000
120.385700               199.870000                 1537.500000
120.659900               199.820000                 1534.800000
120.934100               199.910000                 1533.200000
121.208300               199.780000                 1531.300000
121.482500               199.820000                 1528.700000
121.756700               199.840000                 1526.700000
122.030900               199.870000                 1525.300000
122.305100               199.810000                 1523.200000
122.579300               199.800000                 1520.500000
122.853500               199.830000                 1519.000000
123.127700               199.850000                 1517.400000
123.401900               199.790000                 1514.800000
123.676000               199.870000                 1513.200000
123.950200               199.840000                 1511.300000
124.224400               199.800000                 1509.000000
124.498600               199.790000                 1506.600000
124.772800               199.830000                 1505.300000
125.047000               199.770000                 1503.200000
125.321200               199.810000                 1500.700000
125.595400               199.810000                 1499.500000
125.869600               199.800000                 1497.600000
126.143800               199.830000                 1495.000000
126.418000               199.900000                 1493.600000
126.692200               199.800000                 1492.100000
126.966300               199.770000                 1489.500000
127.240500               199.850000                 1488.000000
127.514700               199.880000                 1486.500000
127.788900               199.820000                 1484.300000
128.063100               199.940000                 1482.200000
128.337300               199.760000                 1480.600000
128.611500               199.870000                 1479.100000
128.885700               199.870000                 1476.500000
129.159900               199.890000                 1475.500000
129.434100               199.740000                 1473.500000
129.708300               199.860000                 1471.500000
129.982500               199.800000                 1469.500000
130.256700               199.940000                 1468.400000
130.530800               199.910000                 1466.300000
130.805000               199.870000                 1463.800000
131.079200               199.820000                 1462.600000
131.353400               199.940000                 1461.100000
131.627600               199.890000                 1458.700000
131.901800               199.980000                 1457.300000
132.176000               199.860000                 1455.700000
132.450200               199.840000                 1453.500000
132.724400               199.940000                 1451.800000
132.998600               199.890000                 1450.400000
133.272800               199.890000                 1448.300000
133.547000               199.870000                 1446.400000
133.821200               199.910000                 1444.800000
134.095300               199.840000                 1443.100000
134.369500               199.820000                 1441.000000
134.643700               199.850000                 1439.100000
134.917900               199.870000                 1438.000000
135.192100               199.840000                 1436.200000
135.466300               199.840000                 1434.900000
135.740500               199.880000                 1434.900000
136.014700               199.900000                 1434.200000
136.288900               199.960000                 1432.300000
136.563100               199.830000                 1431.000000
136.837300               199.810000                 1429.800000
137.111500               199.950000                 1427.800000
137.385600               199.830000                 1425.600000
137.659800               199.820000                 1424.300000
137.934000               199.890000                 1422.600000
138.208200               199.920000                 1420.400000
138.482400               199.840000                 1419.000000
138.756600               199.870000                 1417.400000
139.030800               199.840000                 1415.000000
139.305000               199.780000                 1413.000000
139.579200               199.800000                 1412.000000
139.853400               199.840000                 1410.100000
140.127600               199.850000                 1407.800000
140.401800               199.870000                 1406.500000
140.676000               199.780000                 1404.700000
140.950100               199.760000                 1402.400000
141.224300               199.850000                 1401.000000
141.498500               199.850000                 1399.400000
141.772700               199.860000                 1397.400000
142.046900               199.820000                 1395.200000
142.321100               199.850000                 1393.900000
142.595300               199.800000                 1391.800000
142.869500               199.790000                 1389.500000
143.143700               199.820000                 1388.500000
143.417900               199.780000                 1386.600000
143.692100               199.840000                 1384.300000
143.966300               199.820000                 1382.900000
144.240500               199.800000                 1381.600000
144.514600               199.870000                 1379.200000
144.788800               199.880000                 1377.400000
145.063000               199.870000                 1376.300000
145.337200               199.900000                 1374.300000
145.611400               199.840000                 1372.100000
145.885600               199.750000                 1371.100000
146.159800               199.840000                 1368.800000
146.434000               199.920000                 1366.700000
146.708200               199.770000                 1365.200000
146.982400               199.910000                 1364.300000
147.256600               199.860000                 1361.800000
147.530800               199.900000                 1360.200000
147.804900               199.970000                 1359.300000
148.079100               199.830000                 1356.800000
148.353300               199.920000                 1354.900000
148.627500               199.860000                 1353.900000
148.901700               199.850000                 1352.000000
149.175900               199.960000                 1349.900000
149.450100               199.920000                 1348.500000
149.724300               199.910000                 1347.300000
149.998500               199.910000                 1345.100000
150.272700               199.870000                 1343.400000
150.546900               199.930000                 1342.400000
150.821100               199.900000                 1340.300000
151.095300               199.850000                 1338.200000
151.369400               199.960000                 1337.300000
151.643600               199.850000                 1335.700000
151.917800               199.870000                 1333.100000
152.192000               199.820000                 1331.700000
152.466200               199.900000                 1330.800000
152.740400               199.870000                 1328.700000
153.014600               199.770000                 1326.600000
153.288800               199.900000                 1325.800000
153.563000               199.850000                 1323.900000
153.837200               199.770000                 1321.800000
154.111400               199.870000                 1320.600000
154.385600               199.860000                 1319.600000
154.659800               199.870000                 1317.400000
154.933900               199.830000                 1315.800000
155.208100               199.820000                 1314.400000
155.482300               199.900000                 1313.000000
155.756500               199.870000                 1310.700000
156.030700               199.820000                 1309.800000
156.304900               199.790000                 1308.200000
156.579100               199.820000                 1306.200000
156.853300               199.900000                 1304.800000
157.127500               199.840000                 1303.400000
157.401700               199.910000                 1301.600000
157.675900               199.850000                 1299.800000
157.950100               199.860000                 1298.700000
158.224200               199.800000                 1296.800000
158.498400               199.780000                 1294.600000
158.772600               199.900000                 1293.500000
159.046800               199.870000                 1292.500000
159.321000               199.960000                 1290.700000
159.595200               199.880000                 1289.200000
159.869400               199.890000                 1287.900000
160.143600               199.920000                 1285.900000
160.417800               199.970000                 1284.000000
160.692000               199.910000                 1283.000000
160.966200               199.930000                 1281.600000
161.240400               199.930000                 1279.500000
161.514600               199.870000                 1278.100000
161.788700               199.840000                 1277.200000
162.062900               199.910000                 1275.300000
162.337100               199.900000                 1273.200000
162.611300               199.940000                 1272.400000
162.885500               199.840000                 1270.800000
163.159700               199.840000                 1268.500000
163.433900               199.890000                 1267.600000
163.708100               199.840000                 1266.200000
163.982300               199.870000                 1264.100000
164.256500               199.960000                 1262.700000
164.530700               199.910000                 1261.500000
164.804900               199.890000                 1259.600000
165.079100               199.940000                 1257.900000
165.353200               199.790000                 1256.400000
165.627400               199.820000                 1255.300000
165.901600               199.900000                 1253.700000
166.175800               199.840000                 1251.800000
166.450000               199.890000                 1250.700000
166.724200               199.930000                 1249.200000
166.998400               199.850000                 1247.200000
167.272600               199.890000                 1245.800000
167.546800               199.870000                 1244.500000
167.821000               199.900000                 1243.000000
168.095200               199.840000                 1240.900000
168.369400               199.900000                 1240.000000
168.643500               199.820000                 1238.200000
168.917700               199.870000                 1236.700000
169.191900               199.940000                 1235.300000
169.466100               199.960000                 1234.100000
169.740300               199.920000                 1232.300000
170.014500               199.890000                 1230.700000
170.288700               199.840000                 1229.600000
170.562900               200.000000                 1228.200000
170.837100               199.780000                 1225.900000
171.111300               199.860000                 1224.900000
171.385500               199.910000                 1224.300000
171.659700               199.820000                 1222.200000
171.933900               199.840000                 1220.600000
172.208000               199.800000                 1219.500000
172.482200               199.870000                 1218.000000
172.756400               199.840000                 1215.700000
173.030600               199.770000                 1214.700000
173.304800               199.830000                 1213.400000
173.579000               199.750000                 1211.600000
173.853200               199.810000                 1210.100000
174.127400               199.960000                 1209.500000
174.401600               199.790000                 1207.300000
174.675800               199.840000                 1205.600000
174.950000               199.840000                 1204.800000
175.224200               199.830000                 1203.100000
175.498400               199.800000                 1201.100000
175.772500               199.900000                 1200.000000
176.046700               199.760000                 1198.800000
176.320900               199.710000                 1196.800000
176.595100               199.730000                 1195.100000
176.869300               199.860000                 1194.100000
177.143500               199.780000                 1192.300000
177.417700               199.930000                 1191.000000
177.691900               199.870000                 1189.900000
177.966100               199.820000                 1188.300000
178.240300               199.790000                 1186.200000
178.514500               199.830000                 1185.300000
178.788700               199.860000                 1184.300000
179.062900               199.860000                 1182.100000
179.337000               199.820000                 1180.700000
179.611200               199.870000                 1180.000000
179.885400               199.760000                 1177.800000
180.159600               199.860000                 1176.500000
180.433800               199.920000                 1175.700000
180.708000               199.910000                 1174.000000
180.982200               199.810000                 1171.900000
181.256400               199.870000                 1171.000000
181.530600               199.810000                 1169.800000
181.804800               199.820000                 1167.700000
182.079000               199.840000                 1166.500000
182.353200               199.840000                 1165.600000
182.627300               199.710000                 1163.700000
182.901500               199.860000                 1162.600000
183.175700               199.820000                 1161.500000
183.449900               199.840000                 1160.200000
183.724100               199.840000                 1158.000000
183.998300               199.820000                 1157.100000
184.272500               199.930000                 1156.100000
184.546700               199.840000                 1153.900000
184.820900               199.910000                 1153.100000
185.095100               199.890000                 1151.900000
185.369300               199.840000                 1150.000000
185.643500               199.820000                 1148.500000
185.917700               199.880000                 1147.800000
186.191800               199.880000                 1146.200000
186.466000               199.890000                 1144.600000
186.740200               199.910000                 1143.700000
187.014400               199.780000                 1142.000000
187.288600               199.870000                 1140.600000
187.562800               199.780000                 1139.400000
187.837000               199.920000                 1138.700000
188.111200               199.870000                 1136.500000
188.385400               199.910000                 1135.500000
188.659600               199.800000                 1134.400000
188.933800               199.850000                 1132.800000
189.208000               199.890000                 1131.700000
189.482200               199.950000                 1130.700000
189.756300               199.870000                 1129.300000
190.030500               199.910000                 1127.300000
190.304700               199.910000                 1126.100000
190.578900               199.810000                 1125.200000
190.853100               199.780000                 1123.500000
191.127300               199.960000                 1122.500000
191.401500               199.830000                 1121.100000
191.675700               199.900000                 1120.000000
191.949900               199.980000                 1118.400000
192.224100               199.840000                 1117.200000
192.498300               199.870000                 1116.500000
192.772500               199.750000                 1114.400000
193.046600               199.780000                 1113.100000
193.320800               199.820000                 1112.400000
193.595000               199.840000                 1110.800000
193.869200               199.840000                 1109.400000
194.143400               199.780000                 1108.300000
194.417600               199.890000                 1107.300000
194.691800               199.840000                 1105.700000
194.966000               199.790000                 1104.800000
195.240200               199.870000                 1103.900000
195.514400               199.820000                 1102.500000
195.788600               199.850000                 1100.900000
196.062800               199.840000                 1100.100000
196.337000               199.860000                 1098.900000
196.611100               199.900000                 1097.300000
196.885300               199.820000                 1096.200000
197.159500               199.820000                 1095.100000
197.433700               199.820000                 1093.500000
197.707900               199.880000                 1092.600000
197.982100               199.940000                 1091.900000
198.256300               199.800000                 1090.200000
198.530500               199.860000                 1088.900000
198.804700               199.950000                 1088.400000
199.078900               199.870000                 1086.900000
199.353100               199.850000                 1085.200000
199.627300               199.840000                 1084.200000
199.901500               199.890000                 1083.400000
200.175600               199.870000                 1081.900000
200.449800               199.880000                 1080.700000
200.724000               199.930000                 1080.100000
200.998200               199.890000                 1078.700000
201.272400               199.890000                 1077.200000
201.546600               199.960000                 1076.500000
201.820800               199.900000                 1075.600000
202.095000               199.940000                 1073.900000
202.369200               199.860000                 1072.800000
202.643400               199.930000                 1072.000000
202.917600               199.860000                 1070.800000
203.191800               199.940000                 1069.400000
203.465900               199.890000                 1068.700000
203.740100               199.910000                 1067.600000
204.014300               199.900000                 1066.000000
204.288500               199.940000                 1065.000000
204.562700               199.860000                 1064.200000
204.836900               199.730000                 1062.400000
205.111100               199.860000                 1061.300000
205.385300               199.900000                 1060.800000
205.659500               199.880000                 1059.900000
205.933700               199.880000                 1058.400000
206.207900               199.870000                 1057.400000
206.482100               199.750000                 1056.300000
206.756300               199.900000                 1055.400000
207.030400               199.830000                 1053.900000
207.304600               199.870000                 1053.100000
207.578800               199.960000                 1052.300000
207.853000               199.870000                 1050.700000
208.127200               199.880000                 1049.900000
208.401400               199.820000                 1049.000000
208.675600               199.840000                 1047.700000
208.949800               199.940000                 1046.900000
209.224000               199.830000                 1046.200000
209.498200               199.840000                 1044.700000
209.772400               199.880000                 1043.400000
210.046600               199.820000                 1042.700000
210.320800               199.810000                 1041.900000
210.594900               199.780000                 1040.700000
210.869100               199.910000                 1039.600000
211.143300               199.860000                 1039.100000
211.417500               199.990000                 1038.100000
211.691700               199.880000                 1036.600000
211.965900               199.820000                 1035.600000
212.240100               199.830000                 1035.000000
212.514300               199.920000                 1033.800000
212.788500               199.900000                 1032.800000
213.062700               199.960000                 1031.700000
213.336900               199.860000                 1030.900000
213.611100               199.930000                 1029.600000
213.885200               199.870000                 1028.700000
214.159400               199.940000                 1028.300000
214.433600               199.840000                 1026.800000
214.707800               199.900000                 1025.800000
214.982000               199.890000                 1025.300000
215.256200               199.880000                 1024.000000
215.530400               199.870000                 1022.700000
215.804600               199.960000                 1022.000000
216.078800               199.910000                 1021.400000
216.353000               199.840000                 1020.000000
216.627200               199.870000                 1018.900000
216.901400               199.870000                 1018.500000
217.175600               199.920000                 1017.400000
217.449700               199.840000                 1016.100000
217.723900               199.900000                 1015.100000
217.998100               199.890000                 1014.500000
218.272300               199.820000                 1013.300000
218.546500               199.770000                 1012.100000
218.820700               199.950000                 1011.700000
219.094900               199.800000                 1010.700000
219.369100               199.800000                 1009.100000
219.643300               199.770000                 1008.600000
219.917500               199.820000                 1007.900000
220.191700               199.820000                 1006.600000
220.465900               199.920000                 1005.800000
220.740100               199.820000                 1005.000000
221.014200               199.870000                 1004.200000
221.288400               199.810000                 1002.900000
221.562600               199.820000                 1002.100000
221.836800               199.890000                 1001.800000
222.111000               199.800000                 1000.300000
222.385200               199.870000                 999.140000
222.659400               199.840000                 998.780000
222.933600               199.890000                 997.970000
223.207800               199.810000                 996.510000
223.482000               199.840000                 995.930000
223.756200               199.890000                 995.340000
224.030400               199.830000                 994.100000
224.304500               199.770000                 992.860000
224.578700               199.880000                 992.420000
224.852900               199.820000                 991.470000
225.127100               199.820000                 990.160000
225.401300               199.910000                 989.720000
225.675500               199.830000                 988.990000
225.949700               199.940000                 988.180000
226.223900               199.920000                 987.020000
226.498100               199.910000                 986.360000
226.772300               199.770000                 985.190000
227.046500               199.840000                 984.170000
227.320700               199.890000                 983.950000
227.594900               199.860000                 982.920000
227.869000               199.780000                 981.830000
228.143200               199.810000                 980.950000
228.417400               199.890000                 980.660000
228.691600               199.870000                 979.640000
228.965800               199.890000                 978.610000
229.240000               199.930000                 978.250000
229.514200               199.830000                 977.450000
229.788400               200.000000                 976.350000
230.062600               199.820000                 975.330000
230.336800               199.840000                 974.890000
230.611000               199.940000                 974.010000
230.885200               199.820000                 972.990000
231.159400               199.870000                 972.550000
231.433500               199.820000                 971.530000
231.707700               199.990000                 970.870000
231.981900               199.850000                 969.990000
232.256100               199.780000                 969.410000
232.530300               199.880000                 968.530000
232.804500               199.840000                 967.510000
233.078700               199.780000                 966.780000
233.352900               199.910000                 966.410000
233.627100               199.850000                 964.810000
233.901300               199.890000                 964.590000
234.175500               199.910000                 964.300000
234.449700               199.900000                 962.830000
234.723800               199.940000                 962.400000
234.998000               199.850000                 961.810000
235.272200               199.900000                 960.790000
235.546400               199.780000                 959.400000
235.820600               199.840000                 959.470000
236.094800               199.950000                 979.420000
236.369000               199.810000                 1012.000000
236.643200               199.840000                 1043.700000
236.917400               199.890000                 1048.700000
237.191600               199.900000                 1052.700000
237.465800               199.850000                 1063.200000
237.740000               199.880000                 590.050000
238.014200               199.880000                 747.690000
238.288300               199.940000                 1068.400000
238.562500               199.890000                 1177.600000
238.836700               199.940000                 1109.700000
239.110900               199.790000                 1097.500000
239.385100               199.760000                 1089.900000
239.659300               199.860000                 1101.900000
239.933500               199.870000                 1124.200000
240.207700               199.910000                 1120.700000
240.481900               199.980000                 1118.100000
240.756100               199.890000                 1113.300000
241.030300               199.820000                 1108.400000
241.304500               199.850000                 1102.400000
241.578700               199.910000                 1099.600000
241.852800               199.850000                 1115.300000
242.127000               199.870000                 1101.300000
242.401200               199.870000                 1089.700000
242.675400               199.960000                 1080.500000
242.949600               199.900000                 1072.300000
243.223800               199.810000                 1065.200000
243.498000               199.810000                 1059.300000
243.772200               199.880000                 1053.400000
244.046400               199.900000                 1047.400000
244.320600               199.930000                 1042.800000
244.594800               199.890000                 1038.000000
244.869000               199.870000                 1032.900000
245.143100               199.910000                 1028.200000
245.417300               199.870000                 1024.600000
245.691500               199.930000                 1020.200000
245.965700               199.820000                 1015.800000
246.239900               199.870000                 1012.300000
246.514100               199.700000                 1008.500000
246.788300               199.760000                 1004.800000
247.062500               199.760000                 1001.200000
247.336700               199.730000                 998.340000
247.610900               199.890000                 995.200000
247.885100               199.890000                 991.470000
248.159300               199.790000                 988.400000
248.433500               199.780000                 985.480000
248.707600               199.780000                 982.340000
248.981800               199.800000                 979.490000
249.256000               199.910000                 977.080000
249.530200               199.820000                 973.940000
249.804400               199.840000                 971.240000
250.078600               199.960000                 969.260000
250.352800               199.940000                 966.710000
250.627000               199.980000                 963.860000
250.901200               199.850000                 961.010000
251.175400               199.970000                 959.400000
251.449600               199.750000                 956.700000
251.723800               199.760000                 954.070000
251.998000               199.910000                 952.610000
252.272100               199.900000                 950.340000
252.546300               199.900000                 948.080000
252.820500               199.950000                 946.030000
253.094700               199.790000                 943.840000
253.368900               199.890000                 941.800000
253.643100               199.880000                 939.750000
253.917300               199.820000                 938.070000
254.191500               199.830000                 936.390000
254.465700               199.890000                 934.270000
254.739900               199.900000                 932.450000
255.014100               199.740000                 930.760000
255.288300               199.880000                 929.380000
255.562400               199.890000                 927.110000
255.836600               199.830000                 925.650000
256.110800               199.910000                 924.190000
256.385000               199.860000                 922.220000
256.659200               199.840000                 920.320000
256.933400               199.870000                 919.220000
257.207600               199.860000                 917.620000
257.481800               199.860000                 915.940000
257.756000               199.840000                 914.330000
258.030200               199.930000                 913.450000
258.304400               199.800000                 911.620000
258.578600               199.870000                 910.020000
258.852800               199.890000                 909.070000
259.126900               199.830000                 907.390000
259.401100               199.830000                 906.000000
259.675300               199.780000                 904.540000
259.949500               199.800000                 903.440000
260.223700               199.810000                 902.270000
260.497900               199.900000                 900.810000
260.772100               199.820000                 899.640000
261.046300               199.820000                 898.690000
261.320500               199.820000                 897.090000
261.594700               199.860000                 895.920000
261.868900               199.790000                 894.970000
262.143100               199.860000                 894.020000
262.417300               199.880000                 892.340000
262.691400               199.770000                 891.100000
262.965600               199.910000                 890.590000
263.239800               199.870000                 889.200000
263.514000               199.920000                 888.030000
263.788200               199.820000                 887.300000
264.062400               199.840000                 886.420000
264.336600               199.790000                 884.600000
264.610800               199.820000                 883.940000
264.885000               199.960000                 883.650000
265.159200               199.890000                 882.260000
265.433400               199.800000                 880.870000
265.707600               199.870000                 880.290000
265.981800               199.870000                 879.630000
266.255900               199.870000                 878.090000
266.530100               199.890000                 877.290000
266.804300               199.820000                 876.560000
267.078500               199.880000                 875.830000
267.352700               199.990000                 874.730000
267.626900               199.850000                 874.000000
267.901100               199.910000                 873.490000
268.175300               199.920000                 872.690000
268.449500               199.950000                 871.880000
268.723700               199.790000                 871.230000
268.997900               199.850000                 870.720000
269.272100               199.900000                 869.620000
269.546200               199.840000                 868.740000
269.820400               199.910000                 868.160000
270.094600               199.850000                 867.360000
270.368800               199.960000                 866.840000
270.643000               199.910000                 865.970000
270.917200               199.890000                 865.310000
271.191400               199.880000                 864.210000
271.465600               199.790000                 863.260000
271.739800               199.920000                 863.480000
272.014000               199.890000                 862.170000
272.288200               199.860000                 861.070000
272.562400               199.910000                 860.710000
272.836600               199.940000                 860.560000
273.110700               199.870000                 859.390000
273.384900               199.910000                 858.520000
273.659100               199.840000                 858.370000
273.933300               199.940000                 857.930000
274.207500               199.820000                 856.470000
274.481700               199.830000                 855.960000
274.755900               199.900000                 855.960000
275.030100               199.910000                 855.160000
275.304300               199.870000                 853.990000
275.578500               199.830000                 853.260000
275.852700               199.870000                 853.550000
276.126900               199.820000                 852.160000
276.401100               199.910000                 851.870000
276.675200               199.910000                 851.650000
276.949400               199.850000                 850.850000
277.223600               199.800000                 849.750000
277.497800               199.780000                 849.090000
277.772000               199.870000                 849.240000
278.046200               199.830000                 848.510000
278.320400               199.940000                 848.070000
278.594600               199.880000                 847.560000
278.868800               199.850000                 847.410000
279.143000               199.820000                 846.240000
279.417200               199.910000                 845.800000
279.691400               199.810000                 845.440000
279.965500               199.900000                 845.150000
280.239700               199.800000                 844.120000
280.513900               199.850000                 843.610000
280.788100               199.850000                 843.470000
281.062300               199.810000                 843.030000
281.336500               199.890000                 842.150000
281.610700               199.830000                 841.710000
281.884900               199.840000                 841.280000
282.159100               199.880000                 840.980000
282.433300               199.830000                 839.960000
282.707500               199.870000                 839.740000
282.981700               199.850000                 839.380000
283.255900               199.910000                 838.940000
283.530000               199.890000                 838.350000
283.804200               199.920000                 838.570000
284.078400               199.880000                 837.700000
284.352600               199.920000                 836.970000
284.626800               199.820000                 836.450000
284.901000               199.910000                 836.530000
285.175200               199.930000                 835.800000
285.449400               199.870000                 835.280000
285.723600               199.910000                 834.920000
285.997800               199.900000                 834.630000
286.272000               199.940000                 833.820000
286.546200               199.870000                 833.460000
286.820400               199.890000                 833.310000
287.094500               199.820000                 832.650000
287.368700               199.910000                 832.360000
287.642900               199.880000                 831.780000
287.917100               199.850000                 831.630000
288.191300               199.910000                 831.120000
288.465500               199.890000                 830.320000
288.739700               199.900000                 830.460000
289.013900               199.890000                 830.030000
289.288100               199.820000                 829.080000
289.562300               199.860000                 828.930000
289.836500               199.880000                 828.930000
290.110700               199.870000                 828.200000
290.384800               199.840000                 827.400000
290.659000               199.830000                 827.100000
290.933200               199.940000                 827.320000
291.207400               199.910000                 826.590000
291.481600               199.910000                 825.930000
291.755800               199.880000                 825.790000
292.030000               199.880000                 825.570000
292.304200               199.820000                 824.770000
292.578400               199.880000                 824.470000
292.852600               199.830000                 824.330000
293.126800               199.810000                 823.960000
293.401000               199.890000                 823.450000
293.675200               199.870000                 823.010000
293.949300               199.870000                 823.160000
294.223500               199.850000                 822.430000
294.497700               199.820000                 821.550000
294.771900               199.860000                 821.770000
295.046100               199.890000                 821.770000
295.320300               199.850000                 820.670000
295.594500               199.910000                 820.460000
295.868700               199.900000                 820.380000
296.142900               199.730000                 819.720000
296.417100               199.930000                 819.650000
296.691300               199.830000                 818.990000
296.965500               199.910000                 818.920000
297.239700               199.940000                 818.630000
297.513800               199.890000                 817.830000
297.788000               199.880000                 817.390000
298.062200               199.840000                 817.170000
298.336400               199.880000                 817.240000
298.610600               199.840000                 816.440000
298.884800               199.820000                 816.150000
299.159000               199.850000                 816.220000
299.433200               199.860000                 815.410000
299.707400               199.890000                 814.760000
299.981600               199.790000                 814.760000
300.255800               199.800000                 814.610000
300.530000               199.800000                 813.880000
300.804100               199.770000                 813.440000
301.078300               199.800000                 813.440000
301.352500               199.820000                 812.930000
301.626700               199.790000                 812.420000
301.900900               199.840000                 812.270000
302.175100               199.880000                 812.420000
302.449300               199.900000                 811.830000
302.723500               199.860000                 811.180000
302.997700               199.840000                 811.030000
303.271900               199.920000                 811.030000
303.546100               199.910000                 810.230000
303.820300               199.870000                 809.640000
304.094500               199.820000                 809.570000
304.368600               199.810000                 809.350000
304.642800               199.910000                 808.840000
304.917000               199.760000                 808.400000
305.191200               199.720000                 808.330000
305.465400               199.770000                 807.600000
305.739600               199.870000                 807.230000
306.013800               199.790000                 807.160000
306.288000               199.850000                 807.160000
306.562200               199.820000                 806.210000
306.836400               199.730000                 805.700000
307.110600               199.770000                 805.920000
307.384800               199.840000                 805.920000
307.659000               199.790000                 805.110000
307.933100               199.840000                 804.820000
308.207300               199.800000                 804.970000
308.481500               199.770000                 804.090000
308.755700               199.780000                 803.510000
309.029900               199.780000                 803.510000
309.304100               199.780000                 803.430000
309.578300               199.780000                 802.780000
309.852500               199.710000                 802.190000
310.126700               199.750000                 802.410000
310.400900               199.740000                 801.830000
310.675100               199.830000                 801.390000
310.949300               199.850000                 801.390000
311.223400               199.730000                 801.170000
311.497600               199.750000                 800.510000
311.771800               199.730000                 800.000000
312.046000               199.700000                 800.000000
312.320200               199.800000                 800.000000
312.594400               199.770000                 799.200000
312.868600               199.800000                 799.050000
313.142800               199.730000                 798.830000
313.417000               199.720000                 798.390000
313.691200               199.780000                 797.590000
313.965400               199.700000                 797.440000
314.239600               199.730000                 797.520000
314.513800               199.820000                 797.010000
314.787900               199.750000                 796.570000
315.062100               199.660000                 796.350000
315.336300               199.800000                 796.270000
315.610500               199.740000                 795.330000
315.884700               199.730000                 795.470000
316.158900               199.750000                 795.400000
316.433100               199.620000                 794.520000
316.707300               199.740000                 794.380000
316.981500               199.820000                 794.450000
317.255700               199.830000                 794.230000
317.529900               199.780000                 793.350000
317.804100               199.790000                 793.210000
318.078300               199.820000                 792.990000
318.352400               199.680000                 792.110000
318.626600               199.730000                 792.110000
318.900800               199.750000                 791.960000
319.175000               199.690000                 791.750000
319.449200               199.700000                 790.870000
319.723400               199.800000                 791.090000
319.997600               199.780000                 790.870000
320.271800               199.780000                 790.210000
320.546000               199.780000                 789.990000
320.820200               199.750000                 790.070000
321.094400               199.720000                 789.410000
321.368600               199.730000                 788.750000
321.642700               199.820000                 789.190000
321.916900               199.880000                 788.900000
322.191100               199.720000                 787.730000
322.465300               199.770000                 787.730000
322.739500               199.800000                 787.870000
323.013700               199.710000                 786.700000
323.287900               199.700000                 786.490000
323.562100               199.720000                 786.700000
323.836300               199.790000                 786.340000
324.110500               199.700000                 785.760000
324.384700               199.740000                 786.050000
324.658900               199.730000                 785.460000
324.933100               199.810000                 784.950000
325.207200               199.830000                 784.880000
325.481400               199.750000                 784.730000
325.755600               199.680000                 783.710000
326.029800               199.820000                 783.930000
326.304000               199.780000                 783.710000
326.578200               199.780000                 783.200000
326.852400               199.720000                 782.760000
327.126600               199.710000                 782.830000
327.400800               199.690000                 782.030000
327.675000               199.780000                 781.450000
327.949200               199.800000                 781.810000
328.223400               199.730000                 781.300000
328.497600               199.760000                 780.930000
328.771700               199.710000                 780.350000
329.045900               199.820000                 780.640000
329.320100               199.750000                 780.060000
329.594300               199.810000                 779.620000
329.868500               199.800000                 779.400000
330.142700               199.760000                 779.250000
330.416900               199.810000                 778.600000
330.691100               199.870000                 778.600000
330.965300               199.840000                 778.600000
331.239500               199.790000                 777.570000
331.513700               199.810000                 777.210000
331.787900               199.810000                 777.570000
332.062000               199.710000                 776.990000
332.336200               199.740000                 776.260000
332.610400               199.780000                 776.480000
332.884600               199.770000                 775.970000
333.158800               199.860000                 775.600000
333.433000               199.880000                 775.380000
333.707200               199.730000                 774.940000
333.981400               199.800000                 774.650000
334.255600               199.870000                 774.360000
334.529800               199.830000                 774.430000
334.804000               199.800000                 773.770000
335.078200               199.940000                 773.480000
335.352400               199.760000                 773.120000
335.626500               199.840000                 773.190000
335.900700               199.870000                 772.460000
336.174900               199.770000                 771.950000
336.449100               199.840000                 772.170000
336.723300               199.750000                 771.660000
336.997500               199.730000                 770.930000
337.271700               199.740000                 771.140000
337.545900               199.890000                 770.780000
337.820100               199.770000                 770.270000
338.094300               199.840000                 770.050000
338.368500               199.880000                 770.120000
338.642700               199.840000                 769.540000
338.916900               199.780000                 768.950000
339.191000               199.850000                 769.320000
339.465200               199.840000                 768.730000
339.739400               199.730000                 767.930000
340.013600               199.780000                 768.080000
340.287800               199.780000                 767.780000
340.562000               199.790000                 767.130000
340.836200               199.880000                 767.200000
341.110400               199.830000                 766.910000
341.384600               199.770000                 766.400000
341.658800               199.840000                 766.030000
341.933000               199.910000                 766.250000
342.207200               199.890000                 765.670000
342.481300               199.790000                 765.010000
342.755500               199.890000                 765.300000
343.029700               199.890000                 765.300000
343.303900               199.780000                 764.200000
343.578100               199.820000                 763.990000
343.852300               199.760000                 763.990000
344.126500               199.800000                 763.550000
344.400700               199.910000                 763.470000
344.674900               199.910000                 763.250000
344.949100               199.730000                 762.600000
345.223300               199.810000                 762.160000
345.497500               199.790000                 762.090000
345.771700               199.790000                 761.870000
346.045800               199.700000                 761.280000
346.320000               199.820000                 760.990000
346.594200               199.900000                 761.140000
346.868400               199.800000                 760.550000
347.142600               199.750000                 760.040000
347.416800               199.820000                 760.190000
347.691000               199.820000                 760.260000
347.965200               199.870000                 759.530000
348.239400               199.700000                 759.020000
348.513600               199.790000                 759.090000
348.787800               199.840000                 758.800000
349.062000               199.780000                 758.140000
349.336200               199.870000                 758.430000
349.610300               199.910000                 758.290000
349.884500               199.800000                 757.340000
350.158700               199.850000                 757.340000
350.432900               199.800000                 757.190000
350.707100               199.780000                 756.900000
350.981300               199.910000                 756.530000
351.255500               199.820000                 756.390000
351.529700               199.910000                 756.310000
351.803900               199.910000                 755.800000
352.078100               199.880000                 755.580000
352.352300               199.800000                 755.150000
352.626500               199.800000                 754.560000
352.900700               199.800000                 754.560000
353.174800               199.820000                 754.630000
353.449000               199.780000                 754.200000
353.723200               199.960000                 753.900000
353.997400               199.840000                 753.760000
354.271600               199.790000                 753.250000
354.545800               199.750000                 752.660000
354.820000               199.730000                 752.740000
355.094200               199.860000                 752.520000
355.368400               199.780000                 752.000000
355.642600               199.870000                 751.930000
355.916800               199.830000                 751.930000
356.191000               199.830000                 751.490000
356.465100               199.820000                 751.060000
356.739300               199.860000                 751.130000
357.013500               199.780000                 750.910000
357.287700               199.840000                 750.180000
357.561900               199.780000                 749.960000
357.836100               199.710000                 749.810000
358.110300               199.810000                 749.450000
358.384500               199.780000                 749.010000
358.658700               199.840000                 749.520000
358.932900               199.800000                 748.940000
359.207100               199.900000                 748.280000
359.481300               199.730000                 747.990000
359.755500               199.780000                 748.130000
360.029600               199.770000                 747.620000
360.303800               199.840000                 747.400000
360.578000               199.800000                 747.400000
360.852200               199.910000                 747.260000
361.126400               199.750000                 746.230000
361.400600               199.830000                 746.600000
361.674800               199.790000                 746.090000
361.949000               199.730000                 745.430000
362.223200               199.810000                 745.430000
362.497400               199.870000                 745.650000
362.771600               199.840000                 744.990000
363.045800               199.790000                 744.260000
363.320000               199.840000                 744.920000
363.594100               199.790000                 744.330000
363.868300               199.820000                 743.820000
364.142500               199.800000                 743.680000
364.416700               199.840000                 743.600000
364.690900               199.800000                 742.870000
364.965100               199.800000                 742.580000
365.239300               199.870000                 742.870000
365.513500               199.690000                 741.920000
365.787700               199.830000                 741.630000
366.061900               199.800000                 741.630000
366.336100               199.890000                 741.630000
366.610300               199.800000                 740.750000
366.884400               199.870000                 740.900000
367.158600               199.890000                 740.680000
367.432800               199.780000                 740.020000
367.707000               199.750000                 739.660000
367.981200               199.780000                 739.800000
368.255400               199.800000                 739.440000
368.529600               199.900000                 739.070000
368.803800               199.800000                 738.640000
369.078000               199.840000                 739.000000
369.352200               199.860000                 738.340000
369.626400               199.840000                 738.120000
369.900600               199.820000                 738.120000
370.174800               199.850000                 737.760000
370.448900               199.700000                 736.740000
370.723100               199.860000                 737.470000
370.997300               199.880000                 737.030000
371.271500               199.920000                 736.590000
371.545700               199.810000                 736.300000
371.819900               199.840000                 736.150000
372.094100               199.820000                 735.420000
372.368300               199.780000                 734.980000
372.642500               199.770000                 735.280000
372.916700               199.760000                 734.760000
373.190900               199.900000                 734.470000
373.465100               199.750000                 733.960000
373.739300               199.820000                 734.400000
374.013400               199.760000                 733.670000
374.287600               199.830000                 733.670000
374.561800               199.870000                 733.670000
374.836000               199.800000                 733.080000
375.110200               199.820000                 732.650000
375.384400               199.810000                 732.650000
375.658600               199.830000                 732.280000
375.932800               199.860000                 731.920000
376.207000               199.800000                 731.840000
376.481200               199.890000                 731.840000
376.755400               199.840000                 731.260000
377.029600               199.870000                 730.750000
377.303700               199.780000                 730.820000
377.577900               199.760000                 730.600000
377.852100               199.810000                 730.160000
378.126300               199.830000                 730.160000
378.400500               199.900000                 730.160000
378.674700               199.780000                 729.430000
378.948900               199.910000                 729.430000
379.223100               199.870000                 729.500000
379.497300               199.900000                 729.140000
379.771500               199.870000                 728.850000
380.045700               199.830000                 728.550000
380.319900               199.840000                 728.480000
380.594100               199.940000                 728.040000
380.868200               199.910000                 727.970000
381.142400               199.790000                 727.680000
381.416600               199.940000                 727.680000
381.690800               199.870000                 726.950000
381.965000               199.780000                 726.950000
382.239200               199.700000                 726.510000
382.513400               199.880000                 726.510000
382.787600               199.800000                 726.360000
383.061800               199.860000                 726.220000
383.336000               199.840000                 725.920000
383.610200               199.890000                 725.490000
383.884400               199.800000                 725.490000
384.158600               199.770000                 725.120000
384.432700               199.830000                 724.980000
384.706900               199.860000                 724.680000
384.981100               199.900000                 724.830000
385.255300               199.850000                 724.320000
385.529500               199.840000                 723.730000
385.803700               199.890000                 724.100000
386.077900               199.910000                 723.660000
386.352100               199.960000                 723.300000
386.626300               199.820000                 723.000000
386.900500               199.820000                 723.080000
387.174700               199.820000                 722.710000
387.448900               199.890000                 722.350000
387.723000               199.890000                 722.490000
387.997200               199.820000                 722.200000
388.271400               199.870000                 721.980000
388.545600               199.870000                 721.830000
388.819800               199.750000                 721.320000
389.094000               199.870000                 721.180000
389.368200               199.860000                 721.030000
389.642400               199.830000                 721.250000
389.916600               199.820000                 720.520000
390.190800               199.860000                 720.300000
390.465000               199.840000                 720.300000
390.739200               199.870000                 720.370000
391.013400               199.850000                 719.790000
391.287500               199.850000                 719.640000
391.561700               199.760000                 719.640000
391.835900               199.840000                 719.280000
392.110100               199.870000                 718.980000
392.384300               199.790000                 718.980000
392.658500               199.870000                 718.620000
392.932700               199.830000                 718.110000
393.206900               199.870000                 718.550000
393.481100               199.810000                 718.330000
393.755300               199.840000                 717.520000
394.029500               199.890000                 717.600000
394.303700               199.820000                 717.670000
394.577900               199.860000                 717.160000
394.852000               199.790000                 716.790000
395.126200               199.890000                 717.230000
395.400400               199.820000                 716.720000
395.674600               199.830000                 716.280000
395.948800               199.820000                 716.430000
396.223000               199.830000                 716.210000
396.497200               199.890000                 715.840000
396.771400               199.800000                 715.480000
397.045600               199.910000                 715.620000
397.319800               199.910000                 715.410000
397.594000               199.840000                 715.040000
397.868200               199.890000                 715.110000
398.142300               199.760000                 714.890000
398.416500               199.820000                 714.380000
398.690700               199.860000                 714.460000
398.964900               199.730000                 714.460000
399.239100               199.780000                 713.940000
399.513300               199.930000                 713.940000
399.787500               199.850000                 713.730000
400.061700               199.840000                 713.800000
400.335900               199.840000                 713.290000
400.610100               199.880000                 712.990000
400.884300               199.960000                 713.430000
401.158500               199.810000                 712.560000
401.432700               199.840000                 712.340000
401.706800               199.780000                 712.260000
401.981000               199.860000                 712.340000
402.255200               199.890000                 711.830000
402.529400               199.870000                 711.900000
402.803600               199.910000                 711.970000
403.077800               199.780000                 711.100000
403.352000               199.870000                 711.240000
403.626200               199.870000                 711.530000
403.900400               199.820000                 710.800000
404.174600               199.820000                 710.580000
404.448800               199.830000                 710.510000
404.723000               199.740000                 710.220000
404.997200               199.880000                 710.220000
405.271300               199.870000                 709.780000
405.545500               199.860000                 710.000000
405.819700               199.810000                 709.630000
406.093900               199.830000                 709.120000
406.368100               199.800000                 709.270000
406.642300               199.810000                 709.050000
406.916500               199.730000                 708.470000
407.190700               199.870000                 708.760000
407.464900               199.880000                 708.470000
407.739100               199.810000                 708.320000
408.013300               199.810000                 707.810000
408.287500               199.780000                 707.810000
408.561600               199.780000                 707.660000
408.835800               199.780000                 707.300000
409.110000               199.970000                 707.520000
409.384200               199.840000                 707.590000
409.658400               199.800000                 706.860000
409.932600               199.790000                 706.790000
410.206800               199.780000                 706.710000
410.481000               199.760000                 706.490000
410.755200               199.880000                 706.270000
411.029400               199.870000                 706.200000
411.303600               199.880000                 706.350000
411.577800               199.840000                 705.540000
411.852000               199.840000                 705.760000
