0.0671
0.0673
0.0673
0.0673
0.0674
0.0674
0.0674
0.0674
0.0673
0.0673
0.0673
0.0674
0.0675
0.0677
0.0678
0.0678
0.0679
0.0679
0.0679
0.068
0.068
0.068
0.0681
0.0681
0.0682
0.0682
0.0682
0.0683
0.0683
0.0684
0.0684
0.0685
0.0685
0.0686
0.0686
0.0686
0.0687
0.0689
0.0689
0.0691
0.0692
0.0693
0.0696
0.0696
0.0697
0.0698
0.0698
0.0699
0.07
0.07
0.0701
0.0702
0.0702
0.0702
0.0703
0.0703
0.0703
0.0704
0.0704
0.0705
0.0705
0.0705
0.0705
0.0705
0.0705
0.0704
0.0704
0.0704
0.0704
0.0704
0.0704
0.0704
0.0704
0.0704
0.0704
0.0703
0.0703
0.0703
0.0704
0.0705
0.0706
0.0706
0.0706
0.0706
0.0706
0.0706
0.0707
0.0707
0.0708
0.0709
0.0709
0.0709
0.071
0.071
0.071
0.071
0.071
0.0709
0.0709
0.0709
0.0709
0.0709
0.0709
0.0709
0.0427
0.0419
0.0414
0.0413
0.0411
0.0409
0.0406
0.0402
0.0389
0.0377
0.037
0.0363
0.0358
0.0353
0.0347
0.0342
0.0338
0.0325
0.0315
0.031
0.0304
0.03
0.0296
0.0292
0.0241
0.0051
-0.0036
-0.0038
-0.0039
-0.0038
-0.0038
-0.0038
-0.0038
-0.0038
-0.0038
-0.0038
-0.0038
-0.0038
-0.0038
-0.0038
-0.0038
-0.0038